! Generated fixed-coordinate mechanics calculation: capped_GU, k3, attempt 2.
&CONTROL
   calculation='scf'
   title='C-sapphire hBN high-on-GC checkpoint continuation'
   verbosity='high'
   restart_mode='from_scratch'
   tstress=.true.
   tprnfor=.true.
   outdir='./REDACTED_PATH'
   prefix='csa_nbse2_hbn_top'
   max_seconds=40000
   disk_io='low'
   pseudo_dir='./REDACTED_PATH'
/
&SYSTEM
   ibrav=0
   nat=245
   ntyp=6
   ecutwfc=50.0
   ecutrho=400.0
   nbnd=800
   nosym=.true.
   occupations='smearing'
   smearing='mv'
   degauss=0.020
   assume_isolated='2D'
   vdw_corr='grimme-d3'
   dftd3_version=4
   nspin=2
   starting_magnetization(1) = 0.00
   starting_magnetization(2) = 0.00
   starting_magnetization(3) = 0.02
   starting_magnetization(4) = 0.00
   starting_magnetization(5) = 0.00
   starting_magnetization(6) = 0.00
/
&ELECTRONS
   electron_maxstep=800
   conv_thr=1.0d-8
   mixing_mode='local-TF'
   mixing_beta=0.005
   mixing_ndim=20
   diagonalization='david'
   startingpot='file'
   startingwfc='atomic+random'
/
ATOMIC_SPECIES
Al 26.98153850 Al.pbe-n-kjpaw_psl.1.0.0.UPF
O  15.99900000 O.pbe-n-kjpaw_psl.0.1.UPF
Nb 92.90637000 Nb.pbe-spn-kjpaw_psl.0.3.0.UPF
Se 78.97100000 Se_pbe_v1.uspp.F.UPF
B  10.81100000 B.pbe-n-kjpaw_psl.1.0.0.UPF
N  14.00700000 N.pbe-n-kjpaw_psl.1.0.0.UPF

ATOMIC_POSITIONS angstrom
Al       2.3795000000       1.3738049700      12.1551492300
Al       0.0000000000       2.7476099300      14.0513350200
Al       0.0000000000       0.0000000000      11.6749729300
Al       0.0000000000       0.0000000000      14.3149447500
Al       2.3795000000       1.3738049700      15.3303770900
Al       0.0000000000       2.7476099300      10.0000000000
O        3.8371817000       1.3738049700      10.8374864700
O        1.6506591500       2.6361943500      10.8374864700
O        1.6506591500       0.1114155800      10.8374864700
O        1.4955825800       2.8202625800      15.2127183500
O       -0.8107103400       4.0064961200      15.2127183500
O       -0.6848722500       1.4160710900      15.2127183500
O        3.2746179400       0.0103923200      13.0424477500
O       12.6306915432       2.8307061600      13.0424477500
O        0.7511910400       1.2803164100      13.0424477500
Al      -0.0000000872       5.4952180960      12.1551492300
Al      -2.3795000872       6.8690230560      14.0513350200
Al      -2.3795000872       4.1214131260      11.6749729300
Al      -2.3795000872       4.1214131260      14.3149447500
Al      -0.0000000872       5.4952180960      15.3303770900
Al      -2.3795000872       6.8690230560      10.0000000000
O        1.4576816128       5.4952180960      10.8374864700
O       -0.7288409372       6.7576074760      10.8374864700
O       -0.7288409372       4.2328287060      10.8374864700
O       -0.8839175072       6.9416757060      15.2127183500
O       -3.1902104272       8.1279092460      15.2127183500
O       -3.0643723372       5.5374842160      15.2127183500
O        0.8951178528       4.1318054460      13.0424477500
O       10.2511914560       6.9521192860      13.0424477500
O       -1.6283090472       5.4017295360      13.0424477500
Al      -2.3795001744       9.6166312221      12.1551492300
Al      -4.7590001744      10.9904361821      14.0513350200
Al      -4.7590001744       8.2428262521      11.6749729300
Al      -4.7590001744       8.2428262521      14.3149447500
Al      -2.3795001744       9.6166312221      15.3303770900
Al      -4.7590001744      10.9904361821      10.0000000000
O       -0.9218184744       9.6166312221      10.8374864700
O       -3.1083410244      10.8790206021      10.8374864700
O       -3.1083410244       8.3542418321      10.8374864700
O       -3.2634175944      11.0630888321      15.2127183500
O       -5.5697105144      12.2493223721      15.2127183500
O       -5.4438724244       9.6588973421      15.2127183500
O       -1.4843822344       8.2532185721      13.0424477500
O        7.8716913688      11.0735324121      13.0424477500
O       -4.0078091344       9.5231426621      13.0424477500
Al       7.1385001744       1.3738049700      12.1551492300
Al       4.7590001744       2.7476099300      14.0513350200
Al       4.7590001744       0.0000000000      11.6749729300
Al       4.7590001744       0.0000000000      14.3149447500
Al       7.1385001744       1.3738049700      15.3303770900
Al       4.7590001744       2.7476099300      10.0000000000
O        8.5961818744       1.3738049700      10.8374864700
O        6.4096593244       2.6361943500      10.8374864700
O        6.4096593244       0.1114155800      10.8374864700
O        6.2545827544       2.8202625800      15.2127183500
O        3.9482898344       4.0064961200      15.2127183500
O        4.0741279244       1.4160710900      15.2127183500
O        8.0336181144       0.0103923200      13.0424477500
O        3.1126911944       2.8307061600      13.0424477500
O        5.5101912144       1.2803164100      13.0424477500
Al       4.7590000872       5.4952180960      12.1551492300
Al       2.3795000872       6.8690230560      14.0513350200
Al       2.3795000872       4.1214131260      11.6749729300
Al       2.3795000872       4.1214131260      14.3149447500
Al       4.7590000872       5.4952180960      15.3303770900
Al       2.3795000872       6.8690230560      10.0000000000
O        6.2166817872       5.4952180960      10.8374864700
O        4.0301592372       6.7576074760      10.8374864700
O        4.0301592372       4.2328287060      10.8374864700
O        3.8750826672       6.9416757060      15.2127183500
O        1.5687897472       8.1279092460      15.2127183500
O        1.6946278372       5.5374842160      15.2127183500
O        5.6541180272       4.1318054460      13.0424477500
O        0.7331911072       6.9521192860      13.0424477500
O        3.1306911272       5.4017295360      13.0424477500
Al       2.3795000000       9.6166312221      12.1551492300
Al       0.0000000000      10.9904361821      14.0513350200
Al       0.0000000000       8.2428262521      11.6749729300
Al       0.0000000000       8.2428262521      14.3149447500
Al       2.3795000000       9.6166312221      15.3303770900
Al       0.0000000000      10.9904361821      10.0000000000
O        3.8371817000       9.6166312221      10.8374864700
O        1.6506591500      10.8790206021      10.8374864700
O        1.6506591500       8.3542418321      10.8374864700
O        1.4955825800      11.0630888321      15.2127183500
O       -0.8107103400      12.2493223721      15.2127183500
O       -0.6848722500       9.6588973421      15.2127183500
O        3.2746179400       8.2532185721      13.0424477500
O       -1.6463089800      11.0735324121      13.0424477500
O        0.7511910400       9.5231426621      13.0424477500
Al      11.8975003488       1.3738049700      12.1551492300
Al       9.5180003488       2.7476099300      14.0513350200
Al       9.5180003488       0.0000000000      11.6749729300
Al       9.5180003488       0.0000000000      14.3149447500
Al      11.8975003488       1.3738049700      15.3303770900
Al       9.5180003488       2.7476099300      10.0000000000
O       13.3551820488       1.3738049700      10.8374864700
O       11.1686594988       2.6361943500      10.8374864700
O       11.1686594988       0.1114155800      10.8374864700
O       11.0135829288       2.8202625800      15.2127183500
O        8.7072900088       4.0064961200      15.2127183500
O        8.8331280988       1.4160710900      15.2127183500
O       12.7926182888       0.0103923200      13.0424477500
O        7.8716913688       2.8307061600      13.0424477500
O       10.2691913888       1.2803164100      13.0424477500
Al       9.5180002616       5.4952180960      12.1551492300
Al       7.1385002616       6.8690230560      14.0513350200
Al       7.1385002616       4.1214131260      11.6749729300
Al       7.1385002616       4.1214131260      14.3149447500
Al       9.5180002616       5.4952180960      15.3303770900
Al       7.1385002616       6.8690230560      10.0000000000
O       10.9756819616       5.4952180960      10.8374864700
O        8.7891594116       6.7576074760      10.8374864700
O        8.7891594116       4.2328287060      10.8374864700
O        8.6340828416       6.9416757060      15.2127183500
O        6.3277899216       8.1279092460      15.2127183500
O        6.4536280116       5.5374842160      15.2127183500
O       10.4131182016       4.1318054460      13.0424477500
O        5.4921912816       6.9521192860      13.0424477500
O        7.8896913016       5.4017295360      13.0424477500
Al       7.1385001744       9.6166312221      12.1551492300
Al       4.7590001744      10.9904361821      14.0513350200
Al       4.7590001744       8.2428262521      11.6749729300
Al       4.7590001744       8.2428262521      14.3149447500
Al       7.1385001744       9.6166312221      15.3303770900
Al       4.7590001744      10.9904361821      10.0000000000
O        8.5961818744       9.6166312221      10.8374864700
O        6.4096593244      10.8790206021      10.8374864700
O        6.4096593244       8.3542418321      10.8374864700
O        6.2545827544      11.0630888321      15.2127183500
O        3.9482898344      12.2493223721      15.2127183500
O        4.0741279244       9.6588973421      15.2127183500
O        8.0336181144       8.2532185721      13.0424477500
O        3.1126911944      11.0735324121      13.0424477500
O        5.5101912144       9.5231426621      13.0424477500
Nb       2.3797168226       1.3738218609      19.8864319316
Se       2.3729965204       3.4311059523      21.5397913306
Se       2.3861719574       3.4280303878      18.2387094984
Nb       0.5943189248       4.4460371793      19.8657160016
Se       0.6094725501       6.5366116973      21.4719521187
Se       0.5701776560       6.4895004118      18.1897286302
Nb      -1.2043956087       7.5469780380      19.8395264586
Se      -1.1709875493       9.6162831449      21.4876797707
Se      -1.2491981637       9.6126333530      18.2100740483
Nb      -2.9918748466      10.6562590183      19.8889915975
Se       4.1651089778       0.3486782162      21.5403342009
Se       4.1545724132       0.3407687051      18.2400178240
Nb       5.9321746818       1.3842098126      19.8670045285
Se       5.9543362391       3.4319893028      21.5361012134
Se       5.9437971532       3.4460908782      18.2379104792
Nb       4.1635923765       4.4445230048      19.8881602997
Se       4.1539668844       6.5415979129      21.4866727113
Se       4.1975048863       6.4758776027      18.2090950878
Nb       2.3822614844       7.5311066955      19.7957990786
Se       2.3793018137       9.6151631273      21.4132309782
Se       2.3794881681       9.6164043212      18.1663576414
Nb       0.5724499916      10.6561099021      19.7970176894
Se       7.7362607941       0.3244519771      21.4729475053
Se       7.7139010885       0.3846572018      18.1921312773
Nb       9.5179469516       1.3912582412      19.8408973565
Se       9.5231417505       3.4270477611      21.5168277602
Se       9.5263413620       3.4491543585      18.2195384961
Nb       7.7336437297       4.4622504864      19.8652613217
Se       7.7232455810       6.5245916719      21.5170140790
Se       7.7411309903       6.5126509033      18.2187757874
Nb       5.9632312698       7.5469245519      19.8393322893
Se       5.9315075799       9.6213475822      21.4731507759
Se       5.9929119326       9.6130703318      18.1913089662
Nb       4.1837377405      10.6611785051      19.7970788054
Se      11.2938461770       0.3258967854      21.4879073532
Se      11.3286778715       0.3992898992      18.2109651228
Nb      13.1051999772       1.3837855847      19.8892627753
Se      -1.1908238488       3.4405857458      21.5359481172
Se      -1.1965476146       3.4250417254      18.2381699082
Nb      11.3053803720       4.4675623555      19.8652386526
Se      -2.9696988344       6.5326452058      21.5173457724
Se      -2.9902710298       6.5263780890      18.2186589111
Nb       9.5151646684       7.5566562541      19.8660911181
Se      -4.7633453966       9.6113375281      21.5369731051
Se      -4.7475329251       9.6160987180      18.2384477767
Nb       7.7501486259      10.6551394306      19.8671979935
Se       0.6000329888       0.3382161497      21.5402952011
Se       0.5979718485       0.3536183307      18.2400070269
B       -0.3830988412       2.4384834073      24.8936659429
B       12.9728001425       0.0440499571      24.8911942595
B        4.9134887373      10.0153151534      24.8966604341
B        3.9916474806       7.6224410053      24.8838048681
B        3.0698562158       5.2297617135      24.8910039439
B        2.1495242610       2.8372820808      24.8913760833
B        1.2278907747       0.4432493083      24.8914926648
B        7.4456210605      10.4144716342      24.9177229370
B        6.5250242368       8.0218301417      24.9052330500
B        5.6034963169       5.6282991877      24.8817800311
B        4.6829411268       3.2348363636      24.8937431795
B        3.7619972005       0.8421156770      24.8914800016
B       -4.2989304232      10.8135800701      24.8937822643
B        9.0572323816       8.4213935815      24.9039346075
B        8.1363110047       6.0278359679      24.8880738839
B        7.2150426253       3.6334523416      24.9039326987
B        6.2948030420       1.2412284096      24.9176268952
B       -1.7647316342      11.2131055293      24.8911100459
B       -2.6864038418       8.8196186258      24.8818678127
B       -3.6067977094       6.4263467813      24.8881490073
B        9.7483808461       4.0326841384      24.8880459233
B        8.8271921179       1.6402900153      24.9052010848
B        0.7680633318      11.6121619519      24.8965282257
B       -0.1535061597       9.2184744962      24.8838887208
B       -1.0743082530       6.8247905419      24.9052416833
B       -1.9943697952       4.4320370052      24.9038922137
B       11.3608214847       2.0389800080      24.8817846709
B        3.3012873490      12.0102581120      24.8838771368
B        2.3798122306       9.6170623203      24.8786848181
B        1.4578772282       7.2237026008      24.8964856511
B        0.5374871960       4.8312088460      24.9174506203
N        3.7618890540       9.0848642610      24.8848278476
N        2.8393574196       6.6924638483      24.8913925782
N        1.9186618385       4.3004312345      24.9090901223
N        0.9981196047       1.9065575717      24.8908823868
N        7.2147098382      11.8759893761      24.9093730441
N        6.2948412029       9.4835574811      24.9201093061
N        5.3739927104       7.0912753819      24.8881632038
N        4.4519126532       4.6977923154      24.8810148207
N        3.5316676086       2.3046263508      24.8909333580
N       -4.5288752776      12.2757098275      24.8909908201
N       -5.4505843208       9.8834215573      24.9188775150
N        7.9065494982       7.4909770861      24.9082535739
N        6.9850445647       5.0963079703      24.8888599318
N        6.0643020554       2.7025522556      24.9188569367
N        5.1445434474       0.3104836372      24.9092852820
N       -2.9164613359      10.2821723200      24.8810532850
N       -3.8378954319       7.8891521947      24.8888932040
N        9.5183012859       5.4956339458      24.8841658216
N        8.5961571545       3.1021480104      24.9082614606
N        7.6763920180       0.7100765261      24.9199743533
N       -0.3827470334      10.6813623460      24.8914783797
N       -1.3046792304       8.2868914534      24.8883206523
N       -2.2247949011       5.8937808185      24.9083700771
N       11.1307622657       3.5014411743      24.8887938963
N       10.2086008197       1.1087439475      24.8882284621
N        2.1496567646      11.0800627402      24.8847826073
N        1.2278742017       8.6862307721      24.8848202978
N        0.3066873975       6.2932830909      24.9198290693
N       -0.6128047100       3.9009340321      24.9187133932
N       12.7424606205       1.5069380198      24.8810423546
N        4.6828097375      11.4773257002      24.8916053984

CELL_PARAMETERS angstrom
     14.277000523200       0.000000000000       0.000000000000
     -7.138500261600      12.364239378100       0.000000000000
      0.000000000000       0.000000000000      45.000000000000

K_POINTS automatic
3 3 1 0 0 0
