#  E (eV)   dosup(E)     dosdw(E)   Int dos(E) EFermi =   -4.403 eV
 -15.000  0.2061E-09  0.1865E-83  0.2061E-11
 -14.990  0.1447E-09  0.1865E-83  0.3508E-11
 -14.980  0.1014E-09  0.1865E-83  0.4522E-11
 -14.970  0.7082E-10  0.1865E-83  0.5230E-11
 -14.960  0.4934E-10  0.1865E-83  0.5723E-11
 -14.950  0.3429E-10  0.1865E-83  0.6066E-11
 -14.940  0.2376E-10  0.1865E-83  0.6304E-11
 -14.930  0.1643E-10  0.1865E-83  0.6468E-11
 -14.920  0.1132E-10  0.1865E-83  0.6581E-11
 -14.910  0.7785E-11  0.1865E-83  0.6659E-11
 -14.900  0.5339E-11  0.1865E-83  0.6713E-11
 -14.890  0.3651E-11  0.1865E-83  0.6749E-11
 -14.880  0.2490E-11  0.1865E-83  0.6774E-11
 -14.870  0.1694E-11  0.1865E-83  0.6791E-11
 -14.860  0.1150E-11  0.1865E-83  0.6802E-11
 -14.850  0.7779E-12  0.1865E-83  0.6810E-11
 -14.840  0.5250E-12  0.1865E-83  0.6815E-11
 -14.830  0.3534E-12  0.1865E-83  0.6819E-11
 -14.820  0.2372E-12  0.1865E-83  0.6821E-11
 -14.810  0.1588E-12  0.1865E-83  0.6823E-11
 -14.800  0.1061E-12  0.1865E-83  0.6824E-11
 -14.790  0.7063E-13  0.1865E-83  0.6825E-11
 -14.780  0.4691E-13  0.1865E-83  0.6825E-11
 -14.770  0.3108E-13  0.1865E-83  0.6825E-11
 -14.760  0.2053E-13  0.1865E-83  0.6826E-11
 -14.750  0.1353E-13  0.1865E-83  0.6826E-11
 -14.740  0.8892E-14  0.1865E-83  0.6826E-11
 -14.730  0.5828E-14  0.1865E-83  0.6826E-11
 -14.720  0.3810E-14  0.1865E-83  0.6826E-11
 -14.710  0.2484E-14  0.1865E-83  0.6826E-11
 -14.700  0.1615E-14  0.1865E-83  0.6826E-11
 -14.690  0.1047E-14  0.1865E-83  0.6826E-11
 -14.680  0.6774E-15  0.1865E-83  0.6826E-11
 -14.670  0.4370E-15  0.1865E-83  0.6826E-11
 -14.660  0.2811E-15  0.1865E-83  0.6826E-11
 -14.650  0.1804E-15  0.1865E-83  0.6826E-11
 -14.640  0.1154E-15  0.1865E-83  0.6826E-11
 -14.630  0.7366E-16  0.1865E-83  0.6826E-11
 -14.620  0.4689E-16  0.1865E-83  0.6826E-11
 -14.610  0.2977E-16  0.1865E-83  0.6826E-11
 -14.600  0.1885E-16  0.1865E-83  0.6826E-11
 -14.590  0.1190E-16  0.1865E-83  0.6826E-11
 -14.580  0.7495E-17  0.1865E-83  0.6826E-11
 -14.570  0.4707E-17  0.1865E-83  0.6826E-11
 -14.560  0.2949E-17  0.1865E-83  0.6826E-11
 -14.550  0.1842E-17  0.1865E-83  0.6826E-11
 -14.540  0.1148E-17  0.1865E-83  0.6826E-11
 -14.530  0.7133E-18  0.1865E-83  0.6826E-11
 -14.520  0.4421E-18  0.1865E-83  0.6826E-11
 -14.510  0.2733E-18  0.1865E-83  0.6826E-11
 -14.500  0.1685E-18  0.1865E-83  0.6826E-11
 -14.490  0.1036E-18  0.1865E-83  0.6826E-11
 -14.480  0.6352E-19  0.1865E-83  0.6826E-11
 -14.470  0.3885E-19  0.1865E-83  0.6826E-11
 -14.460  0.2369E-19  0.1865E-83  0.6826E-11
 -14.450  0.1441E-19  0.1865E-83  0.6826E-11
 -14.440  0.8744E-20  0.1865E-83  0.6826E-11
 -14.430  0.5291E-20  0.1865E-83  0.6826E-11
 -14.420  0.3193E-20  0.1865E-83  0.6826E-11
 -14.410  0.1922E-20  0.1865E-83  0.6826E-11
 -14.400  0.1153E-20  0.1865E-83  0.6826E-11
 -14.390  0.6905E-21  0.1865E-83  0.6826E-11
 -14.380  0.4122E-21  0.1865E-83  0.6826E-11
 -14.370  0.2455E-21  0.1865E-83  0.6826E-11
 -14.360  0.1458E-21  0.1865E-83  0.6826E-11
 -14.350  0.8634E-22  0.1865E-83  0.6826E-11
 -14.340  0.5100E-22  0.1865E-83  0.6826E-11
 -14.330  0.3005E-22  0.1865E-83  0.6826E-11
 -14.320  0.1765E-22  0.1865E-83  0.6826E-11
 -14.310  0.1034E-22  0.1865E-83  0.6826E-11
 -14.300  0.6046E-23  0.1865E-83  0.6826E-11
 -14.290  0.3524E-23  0.1865E-83  0.6826E-11
 -14.280  0.2048E-23  0.1865E-83  0.6826E-11
 -14.270  0.1188E-23  0.1865E-83  0.6826E-11
 -14.260  0.6866E-24  0.1865E-83  0.6826E-11
 -14.250  0.3960E-24  0.1865E-83  0.6826E-11
 -14.240  0.2277E-24  0.1865E-83  0.6826E-11
 -14.230  0.1306E-24  0.1865E-83  0.6826E-11
 -14.220  0.7472E-25  0.1865E-83  0.6826E-11
 -14.210  0.4263E-25  0.1865E-83  0.6826E-11
 -14.200  0.2426E-25  0.1865E-83  0.6826E-11
 -14.190  0.1376E-25  0.1865E-83  0.6826E-11
 -14.180  0.7790E-26  0.1865E-83  0.6826E-11
 -14.170  0.4397E-26  0.1865E-83  0.6826E-11
 -14.160  0.2475E-26  0.1865E-83  0.6826E-11
 -14.150  0.1390E-26  0.1865E-83  0.6826E-11
 -14.140  0.7782E-27  0.1865E-83  0.6826E-11
 -14.130  0.4346E-27  0.1865E-83  0.6826E-11
 -14.120  0.2420E-27  0.1865E-83  0.6826E-11
 -14.110  0.1344E-27  0.1865E-83  0.6826E-11
 -14.100  0.7447E-28  0.1865E-83  0.6826E-11
 -14.090  0.4114E-28  0.1865E-83  0.6826E-11
 -14.080  0.2267E-28  0.1865E-83  0.6826E-11
 -14.070  0.1246E-28  0.1865E-83  0.6826E-11
 -14.060  0.6828E-29  0.1865E-83  0.6826E-11
 -14.050  0.3732E-29  0.1865E-83  0.6826E-11
 -14.040  0.2035E-29  0.1865E-83  0.6826E-11
 -14.030  0.1106E-29  0.1865E-83  0.6826E-11
 -14.020  0.5998E-30  0.1865E-83  0.6826E-11
 -14.010  0.3244E-30  0.1865E-83  0.6826E-11
 -14.000  0.1749E-30  0.1865E-83  0.6826E-11
 -13.990  0.9409E-31  0.1865E-83  0.6826E-11
 -13.980  0.5048E-31  0.1865E-83  0.6826E-11
 -13.970  0.2700E-31  0.1865E-83  0.6826E-11
 -13.960  0.1441E-31  0.1865E-83  0.6826E-11
 -13.950  0.7668E-32  0.1865E-83  0.6826E-11
 -13.940  0.4069E-32  0.1865E-83  0.6826E-11
 -13.930  0.2154E-32  0.1865E-83  0.6826E-11
 -13.920  0.1137E-32  0.1865E-83  0.6826E-11
 -13.910  0.5986E-33  0.1865E-83  0.6826E-11
 -13.900  0.3143E-33  0.1865E-83  0.6826E-11
 -13.890  0.1646E-33  0.1865E-83  0.6826E-11
 -13.880  0.8596E-34  0.1865E-83  0.6826E-11
 -13.870  0.4477E-34  0.1865E-83  0.6826E-11
 -13.860  0.2326E-34  0.1865E-83  0.6826E-11
 -13.850  0.1205E-34  0.1865E-83  0.6826E-11
 -13.840  0.6225E-35  0.1865E-83  0.6826E-11
 -13.830  0.3208E-35  0.1865E-83  0.6826E-11
 -13.820  0.1649E-35  0.1865E-83  0.6826E-11
 -13.810  0.8450E-36  0.1865E-83  0.6826E-11
 -13.800  0.4319E-36  0.1865E-83  0.6826E-11
 -13.790  0.2202E-36  0.1865E-83  0.6826E-11
 -13.780  0.1119E-36  0.1865E-83  0.6826E-11
 -13.770  0.5677E-37  0.1865E-83  0.6826E-11
 -13.760  0.2871E-37  0.1865E-83  0.6826E-11
 -13.750  0.1448E-37  0.1865E-83  0.6826E-11
 -13.740  0.7287E-38  0.1865E-83  0.6826E-11
 -13.730  0.3662E-38  0.1865E-83  0.6826E-11
 -13.720  0.1846E-38  0.1865E-83  0.6826E-11
 -13.710  0.9494E-39  0.1865E-83  0.6826E-11
 -13.700  0.5297E-39  0.1865E-83  0.6826E-11
 -13.690  0.3784E-39  0.1865E-83  0.6826E-11
 -13.680  0.4201E-39  0.1865E-83  0.6826E-11
 -13.670  0.6751E-39  0.1865E-83  0.6826E-11
 -13.660  0.1270E-38  0.1865E-83  0.6826E-11
 -13.650  0.2496E-38  0.1865E-83  0.6826E-11
 -13.640  0.4955E-38  0.1865E-83  0.6826E-11
 -13.630  0.9839E-38  0.1865E-83  0.6826E-11
 -13.620  0.1950E-37  0.1865E-83  0.6826E-11
 -13.610  0.3855E-37  0.1865E-83  0.6826E-11
 -13.600  0.7601E-37  0.1865E-83  0.6826E-11
 -13.590  0.1495E-36  0.1865E-83  0.6826E-11
 -13.580  0.2931E-36  0.1865E-83  0.6826E-11
 -13.570  0.5733E-36  0.1865E-83  0.6826E-11
 -13.560  0.1118E-35  0.1865E-83  0.6826E-11
 -13.550  0.2175E-35  0.1865E-83  0.6826E-11
 -13.540  0.4221E-35  0.1865E-83  0.6826E-11
 -13.530  0.8167E-35  0.1865E-83  0.6826E-11
 -13.520  0.1576E-34  0.1865E-83  0.6826E-11
 -13.510  0.3033E-34  0.1865E-83  0.6826E-11
 -13.500  0.5823E-34  0.1865E-83  0.6826E-11
 -13.490  0.1115E-33  0.1865E-83  0.6826E-11
 -13.480  0.2128E-33  0.1865E-83  0.6826E-11
 -13.470  0.4052E-33  0.1865E-83  0.6826E-11
 -13.460  0.7695E-33  0.1865E-83  0.6826E-11
 -13.450  0.1457E-32  0.1865E-83  0.6826E-11
 -13.440  0.2753E-32  0.1865E-83  0.6826E-11
 -13.430  0.5185E-32  0.1865E-83  0.6826E-11
 -13.420  0.9741E-32  0.1865E-83  0.6826E-11
 -13.410  0.1825E-31  0.1865E-83  0.6826E-11
 -13.400  0.3411E-31  0.1865E-83  0.6826E-11
 -13.390  0.6356E-31  0.1865E-83  0.6826E-11
 -13.380  0.1181E-30  0.1865E-83  0.6826E-11
 -13.370  0.2190E-30  0.1865E-83  0.6826E-11
 -13.360  0.4049E-30  0.1865E-83  0.6826E-11
 -13.350  0.7465E-30  0.1865E-83  0.6826E-11
 -13.340  0.1373E-29  0.1865E-83  0.6826E-11
 -13.330  0.2517E-29  0.1865E-83  0.6826E-11
 -13.320  0.4604E-29  0.1865E-83  0.6826E-11
 -13.310  0.8398E-29  0.1865E-83  0.6826E-11
 -13.300  0.1528E-28  0.1865E-83  0.6826E-11
 -13.290  0.2772E-28  0.1865E-83  0.6826E-11
 -13.280  0.5016E-28  0.1865E-83  0.6826E-11
 -13.270  0.9052E-28  0.1865E-83  0.6826E-11
 -13.260  0.1629E-27  0.1865E-83  0.6826E-11
 -13.250  0.2925E-27  0.1865E-83  0.6826E-11
 -13.240  0.5236E-27  0.1865E-83  0.6826E-11
 -13.230  0.9348E-27  0.1865E-83  0.6826E-11
 -13.220  0.1664E-26  0.1865E-83  0.6826E-11
 -13.210  0.2956E-26  0.1865E-83  0.6826E-11
 -13.200  0.5235E-26  0.1865E-83  0.6826E-11
 -13.190  0.9248E-26  0.1865E-83  0.6826E-11
 -13.180  0.1629E-25  0.1865E-83  0.6826E-11
 -13.170  0.2862E-25  0.1865E-83  0.6826E-11
 -13.160  0.5016E-25  0.1865E-83  0.6826E-11
 -13.150  0.8765E-25  0.1865E-83  0.6826E-11
 -13.140  0.1528E-24  0.1865E-83  0.6826E-11
 -13.130  0.2656E-24  0.1865E-83  0.6826E-11
 -13.120  0.4604E-24  0.1865E-83  0.6826E-11
 -13.110  0.7960E-24  0.1865E-83  0.6826E-11
 -13.100  0.1373E-23  0.1865E-83  0.6826E-11
 -13.090  0.2360E-23  0.1865E-83  0.6826E-11
 -13.080  0.4048E-23  0.1865E-83  0.6826E-11
 -13.070  0.6925E-23  0.1865E-83  0.6826E-11
 -13.060  0.1181E-22  0.1865E-83  0.6826E-11
 -13.050  0.2010E-22  0.1865E-83  0.6826E-11
 -13.040  0.3411E-22  0.1865E-83  0.6826E-11
 -13.030  0.5773E-22  0.1865E-83  0.6826E-11
 -13.020  0.9744E-22  0.1865E-83  0.6826E-11
 -13.010  0.1640E-21  0.1865E-83  0.6826E-11
 -13.000  0.2754E-21  0.1865E-83  0.6826E-11
 -12.990  0.4611E-21  0.1865E-83  0.6826E-11
 -12.980  0.7700E-21  0.1865E-83  0.6826E-11
 -12.970  0.1282E-20  0.1865E-83  0.6826E-11
 -12.960  0.2130E-20  0.1865E-83  0.6826E-11
 -12.950  0.3529E-20  0.1865E-83  0.6826E-11
 -12.940  0.5830E-20  0.1865E-83  0.6826E-11
 -12.930  0.9607E-20  0.1865E-83  0.6826E-11
 -12.920  0.1579E-19  0.1865E-83  0.6826E-11
 -12.910  0.2588E-19  0.1865E-83  0.6826E-11
 -12.900  0.4230E-19  0.1865E-83  0.6826E-11
 -12.890  0.6895E-19  0.1865E-83  0.6826E-11
 -12.880  0.1121E-18  0.1865E-83  0.6826E-11
 -12.870  0.1818E-18  0.1865E-83  0.6826E-11
 -12.860  0.2940E-18  0.1865E-83  0.6826E-11
 -12.850  0.4743E-18  0.1865E-83  0.6826E-11
 -12.840  0.7629E-18  0.1865E-83  0.6826E-11
 -12.830  0.1224E-17  0.1865E-83  0.6826E-11
 -12.820  0.1959E-17  0.1865E-83  0.6826E-11
 -12.810  0.3126E-17  0.1865E-83  0.6826E-11
 -12.800  0.4975E-17  0.1865E-83  0.6826E-11
 -12.790  0.7897E-17  0.1865E-83  0.6826E-11
 -12.780  0.1250E-16  0.1865E-83  0.6826E-11
 -12.770  0.1974E-16  0.1865E-83  0.6826E-11
 -12.760  0.3109E-16  0.1865E-83  0.6826E-11
 -12.750  0.4882E-16  0.1865E-83  0.6826E-11
 -12.740  0.7647E-16  0.1865E-83  0.6826E-11
 -12.730  0.1195E-15  0.1865E-83  0.6826E-11
 -12.720  0.1861E-15  0.1865E-83  0.6826E-11
 -12.710  0.2892E-15  0.1865E-83  0.6826E-11
 -12.700  0.4482E-15  0.1865E-83  0.6826E-11
 -12.690  0.6928E-15  0.1865E-83  0.6826E-11
 -12.680  0.1068E-14  0.1865E-83  0.6826E-11
 -12.670  0.1642E-14  0.1865E-83  0.6826E-11
 -12.660  0.2518E-14  0.1865E-83  0.6826E-11
 -12.650  0.3851E-14  0.1865E-83  0.6826E-11
 -12.640  0.5873E-14  0.1865E-83  0.6826E-11
 -12.630  0.8934E-14  0.1865E-83  0.6826E-11
 -12.620  0.1355E-13  0.1865E-83  0.6826E-11
 -12.610  0.2051E-13  0.1865E-83  0.6827E-11
 -12.600  0.3095E-13  0.1865E-83  0.6827E-11
 -12.590  0.4659E-13  0.1865E-83  0.6827E-11
 -12.580  0.6993E-13  0.1865E-83  0.6828E-11
 -12.570  0.1047E-12  0.1865E-83  0.6829E-11
 -12.560  0.1563E-12  0.1865E-83  0.6831E-11
 -12.550  0.2328E-12  0.1865E-83  0.6833E-11
 -12.540  0.3458E-12  0.1865E-83  0.6837E-11
 -12.530  0.5122E-12  0.1865E-83  0.6842E-11
 -12.520  0.7568E-12  0.1865E-83  0.6849E-11
 -12.510  0.1115E-11  0.1865E-83  0.6860E-11
 -12.500  0.1639E-11  0.1865E-83  0.6877E-11
 -12.490  0.2402E-11  0.1865E-83  0.6901E-11
 -12.480  0.3511E-11  0.1865E-83  0.6936E-11
 -12.470  0.5119E-11  0.1865E-83  0.6987E-11
 -12.460  0.7444E-11  0.1865E-83  0.7062E-11
 -12.450  0.1079E-10  0.1865E-83  0.7169E-11
 -12.440  0.1561E-10  0.1865E-83  0.7326E-11
 -12.430  0.2252E-10  0.1865E-83  0.7551E-11
 -12.420  0.3241E-10  0.1865E-83  0.7875E-11
 -12.410  0.4650E-10  0.1865E-83  0.8340E-11
 -12.400  0.6655E-10  0.1865E-83  0.9006E-11
 -12.390  0.9500E-10  0.1865E-83  0.9955E-11
 -12.380  0.1352E-09  0.1865E-83  0.1131E-10
 -12.370  0.1920E-09  0.1865E-83  0.1323E-10
 -12.360  0.2719E-09  0.1865E-83  0.1595E-10
 -12.350  0.3841E-09  0.1865E-83  0.1979E-10
 -12.340  0.5410E-09  0.1865E-83  0.2520E-10
 -12.330  0.7601E-09  0.1865E-83  0.3280E-10
 -12.320  0.1065E-08  0.1865E-83  0.4345E-10
 -12.310  0.1488E-08  0.1865E-83  0.5833E-10
 -12.300  0.2075E-08  0.1865E-83  0.7908E-10
 -12.290  0.2884E-08  0.1865E-83  0.1079E-09
 -12.280  0.3999E-08  0.1865E-83  0.1479E-09
 -12.270  0.5530E-08  0.1865E-83  0.2032E-09
 -12.260  0.7626E-08  0.1865E-83  0.2795E-09
 -12.250  0.1049E-07  0.1865E-83  0.3844E-09
 -12.240  0.1439E-07  0.1865E-83  0.5283E-09
 -12.230  0.1969E-07  0.1865E-83  0.7252E-09
 -12.220  0.2688E-07  0.1865E-83  0.9940E-09
 -12.210  0.3658E-07  0.1865E-83  0.1360E-08
 -12.200  0.4966E-07  0.1865E-83  0.1856E-08
 -12.190  0.6724E-07  0.1865E-83  0.2529E-08
 -12.180  0.9081E-07  0.1865E-83  0.3437E-08
 -12.170  0.1223E-06  0.1865E-83  0.4660E-08
 -12.160  0.1643E-06  0.1865E-83  0.6303E-08
 -12.150  0.2201E-06  0.1865E-83  0.8504E-08
 -12.140  0.2942E-06  0.1865E-83  0.1145E-07
 -12.130  0.3920E-06  0.1865E-83  0.1537E-07
 -12.120  0.5211E-06  0.1865E-83  0.2058E-07
 -12.110  0.6909E-06  0.1865E-83  0.2749E-07
 -12.100  0.9136E-06  0.1865E-83  0.3662E-07
 -12.090  0.1205E-05  0.1865E-83  0.4867E-07
 -12.080  0.1585E-05  0.1865E-83  0.6452E-07
 -12.070  0.2079E-05  0.1865E-83  0.8532E-07
 -12.060  0.2721E-05  0.1865E-83  0.1125E-06
 -12.050  0.3551E-05  0.1865E-83  0.1480E-06
 -12.040  0.4622E-05  0.1865E-83  0.1943E-06
 -12.030  0.6001E-05  0.1865E-83  0.2543E-06
 -12.020  0.7770E-05  0.1865E-83  0.3320E-06
 -12.010  0.1003E-04  0.1865E-83  0.4323E-06
 -12.000  0.1293E-04  0.1865E-83  0.5616E-06
 -11.990  0.1661E-04  0.1865E-83  0.7276E-06
 -11.980  0.2128E-04  0.1865E-83  0.9404E-06
 -11.970  0.2719E-04  0.1865E-83  0.1212E-05
 -11.960  0.3466E-04  0.1865E-83  0.1559E-05
 -11.950  0.4407E-04  0.1865E-83  0.2000E-05
 -11.940  0.5588E-04  0.1865E-83  0.2558E-05
 -11.930  0.7067E-04  0.1865E-83  0.3265E-05
 -11.920  0.8914E-04  0.1865E-83  0.4157E-05
 -11.910  0.1122E-03  0.1865E-83  0.5278E-05
 -11.900  0.1407E-03  0.1865E-83  0.6685E-05
 -11.890  0.1761E-03  0.1865E-83  0.8447E-05
 -11.880  0.2199E-03  0.1865E-83  0.1065E-04
 -11.870  0.2738E-03  0.1865E-83  0.1338E-04
 -11.860  0.3399E-03  0.1865E-83  0.1678E-04
 -11.850  0.4211E-03  0.1865E-83  0.2099E-04
 -11.840  0.5201E-03  0.1865E-83  0.2619E-04
 -11.830  0.6409E-03  0.1865E-83  0.3260E-04
 -11.820  0.7876E-03  0.1865E-83  0.4048E-04
 -11.810  0.9654E-03  0.1865E-83  0.5013E-04
 -11.800  0.1180E-02  0.1865E-83  0.6194E-04
 -11.790  0.1439E-02  0.1865E-83  0.7633E-04
 -11.780  0.1750E-02  0.1865E-83  0.9383E-04
 -11.770  0.2123E-02  0.1865E-83  0.1151E-03
 -11.760  0.2569E-02  0.1865E-83  0.1408E-03
 -11.750  0.3100E-02  0.1865E-83  0.1718E-03
 -11.740  0.3732E-02  0.1865E-83  0.2091E-03
 -11.730  0.4480E-02  0.1865E-83  0.2539E-03
 -11.720  0.5364E-02  0.1865E-83  0.3075E-03
 -11.710  0.6407E-02  0.1865E-83  0.3716E-03
 -11.700  0.7632E-02  0.1865E-83  0.4479E-03
 -11.690  0.9068E-02  0.1865E-83  0.5386E-03
 -11.680  0.1075E-01  0.1865E-83  0.6461E-03
 -11.670  0.1270E-01  0.1865E-83  0.7731E-03
 -11.660  0.1498E-01  0.1865E-83  0.9228E-03
 -11.650  0.1761E-01  0.1865E-83  0.1099E-02
 -11.640  0.2066E-01  0.1865E-83  0.1305E-02
 -11.630  0.2416E-01  0.1865E-83  0.1547E-02
 -11.620  0.2820E-01  0.1865E-83  0.1829E-02
 -11.610  0.3282E-01  0.1865E-83  0.2157E-02
 -11.600  0.3810E-01  0.1865E-83  0.2538E-02
 -11.590  0.4411E-01  0.1865E-83  0.2979E-02
 -11.580  0.5094E-01  0.1865E-83  0.3489E-02
 -11.570  0.5868E-01  0.1865E-83  0.4076E-02
 -11.560  0.6743E-01  0.1865E-83  0.4750E-02
 -11.550  0.7728E-01  0.1865E-83  0.5523E-02
 -11.540  0.8834E-01  0.1865E-83  0.6406E-02
 -11.530  0.1007E+00  0.1865E-83  0.7413E-02
 -11.520  0.1146E+00  0.1865E-83  0.8559E-02
 -11.510  0.1299E+00  0.1865E-83  0.9858E-02
 -11.500  0.1470E+00  0.1865E-83  0.1133E-01
 -11.490  0.1659E+00  0.1865E-83  0.1299E-01
 -11.480  0.1868E+00  0.1865E-83  0.1486E-01
 -11.470  0.2098E+00  0.1865E-83  0.1695E-01
 -11.460  0.2350E+00  0.1865E-83  0.1930E-01
 -11.450  0.2625E+00  0.1865E-83  0.2193E-01
 -11.440  0.2926E+00  0.1865E-83  0.2485E-01
 -11.430  0.3252E+00  0.1865E-83  0.2811E-01
 -11.420  0.3606E+00  0.1865E-83  0.3171E-01
 -11.410  0.3989E+00  0.1865E-83  0.3570E-01
 -11.400  0.4401E+00  0.1865E-83  0.4010E-01
 -11.390  0.4843E+00  0.1865E-83  0.4494E-01
 -11.380  0.5317E+00  0.1865E-83  0.5026E-01
 -11.370  0.5822E+00  0.1865E-83  0.5608E-01
 -11.360  0.6361E+00  0.1865E-83  0.6244E-01
 -11.350  0.6931E+00  0.1865E-83  0.6938E-01
 -11.340  0.7535E+00  0.1865E-83  0.7691E-01
 -11.330  0.8171E+00  0.1865E-83  0.8508E-01
 -11.320  0.8839E+00  0.1865E-83  0.9392E-01
 -11.310  0.9540E+00  0.1865E-83  0.1035E+00
 -11.300  0.1027E+01  0.1865E-83  0.1137E+00
 -11.290  0.1103E+01  0.1865E-83  0.1248E+00
 -11.280  0.1182E+01  0.1865E-83  0.1366E+00
 -11.270  0.1264E+01  0.1865E-83  0.1492E+00
 -11.260  0.1348E+01  0.1865E-83  0.1627E+00
 -11.250  0.1434E+01  0.1865E-83  0.1770E+00
 -11.240  0.1523E+01  0.1865E-83  0.1923E+00
 -11.230  0.1613E+01  0.1865E-83  0.2084E+00
 -11.220  0.1705E+01  0.1865E-83  0.2255E+00
 -11.210  0.1798E+01  0.1865E-83  0.2434E+00
 -11.200  0.1893E+01  0.1865E-83  0.2624E+00
 -11.190  0.1988E+01  0.1865E-83  0.2822E+00
 -11.180  0.2083E+01  0.1865E-83  0.3031E+00
 -11.170  0.2179E+01  0.1865E-83  0.3249E+00
 -11.160  0.2274E+01  0.1865E-83  0.3476E+00
 -11.150  0.2369E+01  0.1865E-83  0.3713E+00
 -11.140  0.2463E+01  0.1865E-83  0.3959E+00
 -11.130  0.2557E+01  0.1865E-83  0.4215E+00
 -11.120  0.2649E+01  0.1865E-83  0.4480E+00
 -11.110  0.2740E+01  0.1865E-83  0.4754E+00
 -11.100  0.2829E+01  0.1865E-83  0.5037E+00
 -11.090  0.2917E+01  0.1865E-83  0.5328E+00
 -11.080  0.3002E+01  0.1865E-83  0.5629E+00
 -11.070  0.3086E+01  0.1865E-83  0.5937E+00
 -11.060  0.3168E+01  0.1865E-83  0.6254E+00
 -11.050  0.3248E+01  0.1865E-83  0.6579E+00
 -11.040  0.3325E+01  0.1865E-83  0.6911E+00
 -11.030  0.3401E+01  0.1865E-83  0.7251E+00
 -11.020  0.3476E+01  0.1865E-83  0.7599E+00
 -11.010  0.3548E+01  0.1865E-83  0.7954E+00
 -11.000  0.3619E+01  0.1865E-83  0.8316E+00
 -10.990  0.3689E+01  0.1865E-83  0.8685E+00
 -10.980  0.3757E+01  0.1865E-83  0.9060E+00
 -10.970  0.3825E+01  0.1865E-83  0.9443E+00
 -10.960  0.3892E+01  0.1865E-83  0.9832E+00
 -10.950  0.3959E+01  0.1865E-83  0.1023E+01
 -10.940  0.4025E+01  0.1865E-83  0.1063E+01
 -10.930  0.4092E+01  0.1865E-83  0.1104E+01
 -10.920  0.4158E+01  0.1865E-83  0.1146E+01
 -10.910  0.4226E+01  0.1865E-83  0.1188E+01
 -10.900  0.4294E+01  0.1865E-83  0.1231E+01
 -10.890  0.4363E+01  0.1865E-83  0.1274E+01
 -10.880  0.4433E+01  0.1865E-83  0.1319E+01
 -10.870  0.4505E+01  0.1865E-83  0.1364E+01
 -10.860  0.4577E+01  0.1865E-83  0.1410E+01
 -10.850  0.4651E+01  0.1865E-83  0.1456E+01
 -10.840  0.4727E+01  0.1865E-83  0.1503E+01
 -10.830  0.4803E+01  0.1865E-83  0.1551E+01
 -10.820  0.4881E+01  0.1865E-83  0.1600E+01
 -10.810  0.4960E+01  0.1865E-83  0.1650E+01
 -10.800  0.5039E+01  0.1865E-83  0.1700E+01
 -10.790  0.5120E+01  0.1865E-83  0.1751E+01
 -10.780  0.5200E+01  0.1865E-83  0.1803E+01
 -10.770  0.5281E+01  0.1865E-83  0.1856E+01
 -10.760  0.5362E+01  0.1865E-83  0.1910E+01
 -10.750  0.5442E+01  0.1865E-83  0.1964E+01
 -10.740  0.5520E+01  0.1865E-83  0.2019E+01
 -10.730  0.5598E+01  0.1865E-83  0.2075E+01
 -10.720  0.5674E+01  0.1865E-83  0.2132E+01
 -10.710  0.5747E+01  0.1865E-83  0.2190E+01
 -10.700  0.5818E+01  0.1865E-83  0.2248E+01
 -10.690  0.5886E+01  0.1865E-83  0.2307E+01
 -10.680  0.5950E+01  0.1865E-83  0.2366E+01
 -10.670  0.6010E+01  0.1865E-83  0.2426E+01
 -10.660  0.6067E+01  0.1865E-83  0.2487E+01
 -10.650  0.6118E+01  0.1865E-83  0.2548E+01
 -10.640  0.6165E+01  0.1865E-83  0.2610E+01
 -10.630  0.6207E+01  0.1865E-83  0.2672E+01
 -10.620  0.6243E+01  0.1865E-83  0.2734E+01
 -10.610  0.6274E+01  0.1865E-83  0.2797E+01
 -10.600  0.6300E+01  0.1865E-83  0.2860E+01
 -10.590  0.6319E+01  0.1865E-83  0.2923E+01
 -10.580  0.6333E+01  0.1865E-83  0.2986E+01
 -10.570  0.6342E+01  0.1865E-83  0.3050E+01
 -10.560  0.6345E+01  0.1865E-83  0.3113E+01
 -10.550  0.6342E+01  0.1865E-83  0.3177E+01
 -10.540  0.6334E+01  0.1865E-83  0.3240E+01
 -10.530  0.6321E+01  0.1865E-83  0.3303E+01
 -10.520  0.6304E+01  0.1865E-83  0.3366E+01
 -10.510  0.6282E+01  0.1865E-83  0.3429E+01
 -10.500  0.6256E+01  0.1865E-83  0.3492E+01
 -10.490  0.6226E+01  0.1865E-83  0.3554E+01
 -10.480  0.6193E+01  0.1865E-83  0.3616E+01
 -10.470  0.6157E+01  0.1865E-83  0.3677E+01
 -10.460  0.6118E+01  0.1865E-83  0.3739E+01
 -10.450  0.6077E+01  0.1865E-83  0.3799E+01
 -10.440  0.6035E+01  0.1865E-83  0.3860E+01
 -10.430  0.5991E+01  0.1865E-83  0.3920E+01
 -10.420  0.5947E+01  0.1865E-83  0.3979E+01
 -10.410  0.5902E+01  0.1865E-83  0.4038E+01
 -10.400  0.5858E+01  0.1865E-83  0.4097E+01
 -10.390  0.5813E+01  0.1865E-83  0.4155E+01
 -10.380  0.5770E+01  0.1865E-83  0.4213E+01
 -10.370  0.5727E+01  0.1865E-83  0.4270E+01
 -10.360  0.5685E+01  0.1865E-83  0.4327E+01
 -10.350  0.5645E+01  0.1865E-83  0.4383E+01
 -10.340  0.5607E+01  0.1865E-83  0.4439E+01
 -10.330  0.5570E+01  0.1865E-83  0.4495E+01
 -10.320  0.5534E+01  0.1865E-83  0.4550E+01
 -10.310  0.5501E+01  0.1865E-83  0.4605E+01
 -10.300  0.5469E+01  0.1865E-83  0.4660E+01
 -10.290  0.5439E+01  0.1865E-83  0.4714E+01
 -10.280  0.5411E+01  0.1865E-83  0.4768E+01
 -10.270  0.5384E+01  0.1865E-83  0.4822E+01
 -10.260  0.5359E+01  0.1865E-83  0.4876E+01
 -10.250  0.5334E+01  0.1865E-83  0.4929E+01
 -10.240  0.5310E+01  0.1865E-83  0.4982E+01
 -10.230  0.5287E+01  0.1865E-83  0.5035E+01
 -10.220  0.5264E+01  0.1865E-83  0.5088E+01
 -10.210  0.5241E+01  0.1865E-83  0.5140E+01
 -10.200  0.5218E+01  0.1865E-83  0.5192E+01
 -10.190  0.5195E+01  0.1865E-83  0.5244E+01
 -10.180  0.5170E+01  0.1865E-83  0.5296E+01
 -10.170  0.5144E+01  0.1865E-83  0.5348E+01
 -10.160  0.5117E+01  0.1865E-83  0.5399E+01
 -10.150  0.5089E+01  0.1865E-83  0.5450E+01
 -10.140  0.5059E+01  0.1865E-83  0.5500E+01
 -10.130  0.5027E+01  0.1865E-83  0.5550E+01
 -10.120  0.4993E+01  0.1865E-83  0.5600E+01
 -10.110  0.4957E+01  0.1865E-83  0.5650E+01
 -10.100  0.4918E+01  0.1865E-83  0.5699E+01
 -10.090  0.4878E+01  0.1865E-83  0.5748E+01
 -10.080  0.4836E+01  0.1865E-83  0.5796E+01
 -10.070  0.4792E+01  0.1865E-83  0.5844E+01
 -10.060  0.4746E+01  0.1865E-83  0.5892E+01
 -10.050  0.4698E+01  0.1865E-83  0.5939E+01
 -10.040  0.4649E+01  0.1865E-83  0.5985E+01
 -10.030  0.4599E+01  0.1865E-83  0.6031E+01
 -10.020  0.4549E+01  0.1865E-83  0.6077E+01
 -10.010  0.4498E+01  0.1865E-83  0.6122E+01
 -10.000  0.4447E+01  0.1865E-83  0.6166E+01
  -9.990  0.4396E+01  0.1865E-83  0.6210E+01
  -9.980  0.4346E+01  0.1865E-83  0.6253E+01
  -9.970  0.4297E+01  0.1865E-83  0.6296E+01
  -9.960  0.4250E+01  0.1865E-83  0.6339E+01
  -9.950  0.4205E+01  0.1865E-83  0.6381E+01
  -9.940  0.4162E+01  0.1865E-83  0.6423E+01
  -9.930  0.4121E+01  0.1865E-83  0.6464E+01
  -9.920  0.4084E+01  0.1865E-83  0.6505E+01
  -9.910  0.4050E+01  0.1865E-83  0.6545E+01
  -9.900  0.4020E+01  0.1865E-83  0.6585E+01
  -9.890  0.3993E+01  0.1865E-83  0.6625E+01
  -9.880  0.3971E+01  0.1865E-83  0.6665E+01
  -9.870  0.3952E+01  0.1865E-83  0.6705E+01
  -9.860  0.3939E+01  0.1865E-83  0.6744E+01
  -9.850  0.3929E+01  0.1865E-83  0.6783E+01
  -9.840  0.3924E+01  0.1865E-83  0.6822E+01
  -9.830  0.3924E+01  0.1865E-83  0.6862E+01
  -9.820  0.3927E+01  0.1865E-83  0.6901E+01
  -9.810  0.3935E+01  0.1865E-83  0.6940E+01
  -9.800  0.3948E+01  0.1865E-83  0.6980E+01
  -9.790  0.3964E+01  0.1865E-83  0.7019E+01
  -9.780  0.3983E+01  0.1865E-83  0.7059E+01
  -9.770  0.4007E+01  0.1865E-83  0.7099E+01
  -9.760  0.4033E+01  0.1865E-83  0.7140E+01
  -9.750  0.4062E+01  0.1865E-83  0.7180E+01
  -9.740  0.4094E+01  0.1865E-83  0.7221E+01
  -9.730  0.4129E+01  0.1865E-83  0.7263E+01
  -9.720  0.4165E+01  0.1865E-83  0.7304E+01
  -9.710  0.4203E+01  0.1865E-83  0.7346E+01
  -9.700  0.4242E+01  0.1865E-83  0.7389E+01
  -9.690  0.4283E+01  0.1865E-83  0.7431E+01
  -9.680  0.4325E+01  0.1865E-83  0.7475E+01
  -9.670  0.4367E+01  0.1865E-83  0.7518E+01
  -9.660  0.4410E+01  0.1865E-83  0.7562E+01
  -9.650  0.4454E+01  0.1865E-83  0.7607E+01
  -9.640  0.4497E+01  0.1865E-83  0.7652E+01
  -9.630  0.4541E+01  0.1865E-83  0.7697E+01
  -9.620  0.4585E+01  0.1865E-83  0.7743E+01
  -9.610  0.4629E+01  0.1865E-83  0.7790E+01
  -9.600  0.4674E+01  0.1865E-83  0.7836E+01
  -9.590  0.4718E+01  0.1865E-83  0.7883E+01
  -9.580  0.4762E+01  0.1865E-83  0.7931E+01
  -9.570  0.4807E+01  0.1865E-83  0.7979E+01
  -9.560  0.4852E+01  0.1865E-83  0.8028E+01
  -9.550  0.4898E+01  0.1865E-83  0.8077E+01
  -9.540  0.4945E+01  0.1865E-83  0.8126E+01
  -9.530  0.4992E+01  0.1865E-83  0.8176E+01
  -9.520  0.5041E+01  0.1865E-83  0.8226E+01
  -9.510  0.5091E+01  0.1865E-83  0.8277E+01
  -9.500  0.5142E+01  0.1865E-83  0.8329E+01
  -9.490  0.5195E+01  0.1865E-83  0.8381E+01
  -9.480  0.5250E+01  0.1865E-83  0.8433E+01
  -9.470  0.5307E+01  0.1865E-83  0.8486E+01
  -9.460  0.5366E+01  0.1865E-83  0.8540E+01
  -9.450  0.5427E+01  0.1865E-83  0.8594E+01
  -9.440  0.5490E+01  0.1865E-83  0.8649E+01
  -9.430  0.5556E+01  0.1865E-83  0.8705E+01
  -9.420  0.5624E+01  0.1865E-83  0.8761E+01
  -9.410  0.5695E+01  0.1865E-83  0.8818E+01
  -9.400  0.5768E+01  0.1865E-83  0.8876E+01
  -9.390  0.5843E+01  0.1865E-83  0.8934E+01
  -9.380  0.5920E+01  0.1865E-83  0.8993E+01
  -9.370  0.6000E+01  0.1865E-83  0.9053E+01
  -9.360  0.6082E+01  0.1865E-83  0.9114E+01
  -9.350  0.6165E+01  0.1865E-83  0.9176E+01
  -9.340  0.6250E+01  0.1865E-83  0.9238E+01
  -9.330  0.6336E+01  0.1865E-83  0.9302E+01
  -9.320  0.6424E+01  0.1865E-83  0.9366E+01
  -9.310  0.6512E+01  0.1865E-83  0.9431E+01
  -9.300  0.6601E+01  0.1865E-83  0.9497E+01
  -9.290  0.6691E+01  0.1865E-83  0.9564E+01
  -9.280  0.6780E+01  0.1865E-83  0.9632E+01
  -9.270  0.6869E+01  0.1865E-83  0.9700E+01
  -9.260  0.6958E+01  0.1865E-83  0.9770E+01
  -9.250  0.7045E+01  0.1865E-83  0.9840E+01
  -9.240  0.7132E+01  0.1865E-83  0.9912E+01
  -9.230  0.7217E+01  0.1865E-83  0.9984E+01
  -9.220  0.7300E+01  0.1865E-83  0.1006E+02
  -9.210  0.7381E+01  0.1865E-83  0.1013E+02
  -9.200  0.7461E+01  0.1865E-83  0.1021E+02
  -9.190  0.7537E+01  0.1865E-83  0.1028E+02
  -9.180  0.7611E+01  0.1865E-83  0.1036E+02
  -9.170  0.7682E+01  0.1865E-83  0.1043E+02
  -9.160  0.7750E+01  0.1865E-83  0.1051E+02
  -9.150  0.7815E+01  0.1865E-83  0.1059E+02
  -9.140  0.7876E+01  0.1865E-83  0.1067E+02
  -9.130  0.7934E+01  0.1865E-83  0.1075E+02
  -9.120  0.7988E+01  0.1865E-83  0.1083E+02
  -9.110  0.8039E+01  0.1865E-83  0.1091E+02
  -9.100  0.8086E+01  0.1865E-83  0.1099E+02
  -9.090  0.8130E+01  0.1865E-83  0.1107E+02
  -9.080  0.8170E+01  0.1865E-83  0.1115E+02
  -9.070  0.8206E+01  0.1865E-83  0.1123E+02
  -9.060  0.8239E+01  0.1865E-83  0.1132E+02
  -9.050  0.8269E+01  0.1865E-83  0.1140E+02
  -9.040  0.8296E+01  0.1865E-83  0.1148E+02
  -9.030  0.8320E+01  0.1865E-83  0.1156E+02
  -9.020  0.8342E+01  0.1865E-83  0.1165E+02
  -9.010  0.8360E+01  0.1865E-83  0.1173E+02
  -9.000  0.8377E+01  0.1865E-83  0.1182E+02
  -8.990  0.8392E+01  0.1865E-83  0.1190E+02
  -8.980  0.8405E+01  0.1865E-83  0.1198E+02
  -8.970  0.8416E+01  0.1865E-83  0.1207E+02
  -8.960  0.8427E+01  0.1865E-83  0.1215E+02
  -8.950  0.8437E+01  0.1865E-83  0.1224E+02
  -8.940  0.8446E+01  0.1865E-83  0.1232E+02
  -8.930  0.8455E+01  0.1865E-83  0.1241E+02
  -8.920  0.8464E+01  0.1865E-83  0.1249E+02
  -8.910  0.8474E+01  0.1865E-83  0.1257E+02
  -8.900  0.8484E+01  0.1865E-83  0.1266E+02
  -8.890  0.8496E+01  0.1865E-83  0.1274E+02
  -8.880  0.8508E+01  0.1865E-83  0.1283E+02
  -8.870  0.8522E+01  0.1865E-83  0.1291E+02
  -8.860  0.8538E+01  0.1865E-83  0.1300E+02
  -8.850  0.8555E+01  0.1865E-83  0.1309E+02
  -8.840  0.8575E+01  0.1865E-83  0.1317E+02
  -8.830  0.8596E+01  0.1865E-83  0.1326E+02
  -8.820  0.8619E+01  0.1865E-83  0.1334E+02
  -8.810  0.8645E+01  0.1865E-83  0.1343E+02
  -8.800  0.8673E+01  0.1865E-83  0.1352E+02
  -8.790  0.8702E+01  0.1865E-83  0.1360E+02
  -8.780  0.8734E+01  0.1865E-83  0.1369E+02
  -8.770  0.8768E+01  0.1865E-83  0.1378E+02
  -8.760  0.8803E+01  0.1865E-83  0.1387E+02
  -8.750  0.8841E+01  0.1865E-83  0.1396E+02
  -8.740  0.8879E+01  0.1865E-83  0.1404E+02
  -8.730  0.8919E+01  0.1865E-83  0.1413E+02
  -8.720  0.8961E+01  0.1865E-83  0.1422E+02
  -8.710  0.9003E+01  0.1865E-83  0.1431E+02
  -8.700  0.9046E+01  0.1865E-83  0.1440E+02
  -8.690  0.9089E+01  0.1865E-83  0.1449E+02
  -8.680  0.9133E+01  0.1865E-83  0.1459E+02
  -8.670  0.9178E+01  0.1865E-83  0.1468E+02
  -8.660  0.9222E+01  0.1865E-83  0.1477E+02
  -8.650  0.9266E+01  0.1865E-83  0.1486E+02
  -8.640  0.9310E+01  0.1865E-83  0.1496E+02
  -8.630  0.9354E+01  0.1865E-83  0.1505E+02
  -8.620  0.9397E+01  0.1865E-83  0.1514E+02
  -8.610  0.9440E+01  0.1865E-83  0.1524E+02
  -8.600  0.9482E+01  0.1865E-83  0.1533E+02
  -8.590  0.9523E+01  0.1865E-83  0.1543E+02
  -8.580  0.9564E+01  0.1865E-83  0.1552E+02
  -8.570  0.9605E+01  0.1865E-83  0.1562E+02
  -8.560  0.9645E+01  0.1865E-83  0.1572E+02
  -8.550  0.9684E+01  0.1865E-83  0.1581E+02
  -8.540  0.9723E+01  0.1865E-83  0.1591E+02
  -8.530  0.9762E+01  0.1865E-83  0.1601E+02
  -8.520  0.9801E+01  0.1865E-83  0.1611E+02
  -8.510  0.9839E+01  0.1865E-83  0.1620E+02
  -8.500  0.9878E+01  0.1865E-83  0.1630E+02
  -8.490  0.9917E+01  0.1865E-83  0.1640E+02
  -8.480  0.9956E+01  0.1865E-83  0.1650E+02
  -8.470  0.9995E+01  0.1865E-83  0.1660E+02
  -8.460  0.1004E+02  0.1865E-83  0.1670E+02
  -8.450  0.1008E+02  0.1865E-83  0.1680E+02
  -8.440  0.1012E+02  0.1865E-83  0.1690E+02
  -8.430  0.1016E+02  0.1865E-83  0.1700E+02
  -8.420  0.1020E+02  0.1865E-83  0.1711E+02
  -8.410  0.1024E+02  0.1865E-83  0.1721E+02
  -8.400  0.1029E+02  0.1865E-83  0.1731E+02
  -8.390  0.1033E+02  0.1865E-83  0.1742E+02
  -8.380  0.1038E+02  0.1865E-83  0.1752E+02
  -8.370  0.1042E+02  0.1865E-83  0.1762E+02
  -8.360  0.1047E+02  0.1865E-83  0.1773E+02
  -8.350  0.1052E+02  0.1865E-83  0.1783E+02
  -8.340  0.1056E+02  0.1865E-83  0.1794E+02
  -8.330  0.1061E+02  0.1865E-83  0.1805E+02
  -8.320  0.1066E+02  0.1865E-83  0.1815E+02
  -8.310  0.1070E+02  0.1865E-83  0.1826E+02
  -8.300  0.1075E+02  0.1865E-83  0.1837E+02
  -8.290  0.1080E+02  0.1865E-83  0.1847E+02
  -8.280  0.1084E+02  0.1865E-83  0.1858E+02
  -8.270  0.1088E+02  0.1865E-83  0.1869E+02
  -8.260  0.1093E+02  0.1865E-83  0.1880E+02
  -8.250  0.1097E+02  0.1865E-83  0.1891E+02
  -8.240  0.1101E+02  0.1865E-83  0.1902E+02
  -8.230  0.1105E+02  0.1865E-83  0.1913E+02
  -8.220  0.1109E+02  0.1865E-83  0.1924E+02
  -8.210  0.1113E+02  0.1865E-83  0.1935E+02
  -8.200  0.1116E+02  0.1865E-83  0.1946E+02
  -8.190  0.1120E+02  0.1865E-83  0.1958E+02
  -8.180  0.1123E+02  0.1865E-83  0.1969E+02
  -8.170  0.1126E+02  0.1865E-83  0.1980E+02
  -8.160  0.1129E+02  0.1865E-83  0.1991E+02
  -8.150  0.1131E+02  0.1865E-83  0.2003E+02
  -8.140  0.1134E+02  0.1865E-83  0.2014E+02
  -8.130  0.1136E+02  0.1865E-83  0.2025E+02
  -8.120  0.1138E+02  0.1865E-83  0.2037E+02
  -8.110  0.1140E+02  0.1865E-83  0.2048E+02
  -8.100  0.1141E+02  0.1865E-83  0.2060E+02
  -8.090  0.1143E+02  0.1865E-83  0.2071E+02
  -8.080  0.1144E+02  0.1865E-83  0.2083E+02
  -8.070  0.1146E+02  0.1865E-83  0.2094E+02
  -8.060  0.1147E+02  0.1865E-83  0.2105E+02
  -8.050  0.1147E+02  0.1865E-83  0.2117E+02
  -8.040  0.1148E+02  0.1865E-83  0.2128E+02
  -8.030  0.1149E+02  0.1865E-83  0.2140E+02
  -8.020  0.1149E+02  0.1865E-83  0.2151E+02
  -8.010  0.1149E+02  0.1865E-83  0.2163E+02
  -8.000  0.1149E+02  0.1865E-83  0.2174E+02
  -7.990  0.1149E+02  0.1865E-83  0.2186E+02
  -7.980  0.1149E+02  0.1865E-83  0.2197E+02
  -7.970  0.1149E+02  0.1865E-83  0.2209E+02
  -7.960  0.1148E+02  0.1865E-83  0.2220E+02
  -7.950  0.1148E+02  0.1865E-83  0.2232E+02
  -7.940  0.1147E+02  0.1865E-83  0.2243E+02
  -7.930  0.1146E+02  0.1865E-83  0.2255E+02
  -7.920  0.1145E+02  0.1865E-83  0.2266E+02
  -7.910  0.1143E+02  0.1865E-83  0.2278E+02
  -7.900  0.1142E+02  0.1865E-83  0.2289E+02
  -7.890  0.1140E+02  0.1865E-83  0.2300E+02
  -7.880  0.1138E+02  0.1865E-83  0.2312E+02
  -7.870  0.1136E+02  0.1865E-83  0.2323E+02
  -7.860  0.1133E+02  0.1865E-83  0.2334E+02
  -7.850  0.1131E+02  0.1865E-83  0.2346E+02
  -7.840  0.1128E+02  0.1865E-83  0.2357E+02
  -7.830  0.1124E+02  0.1865E-83  0.2368E+02
  -7.820  0.1121E+02  0.1865E-83  0.2380E+02
  -7.810  0.1117E+02  0.1865E-83  0.2391E+02
  -7.800  0.1113E+02  0.1865E-83  0.2402E+02
  -7.790  0.1109E+02  0.1865E-83  0.2413E+02
  -7.780  0.1104E+02  0.1865E-83  0.2424E+02
  -7.770  0.1100E+02  0.1865E-83  0.2435E+02
  -7.760  0.1095E+02  0.1865E-83  0.2446E+02
  -7.750  0.1089E+02  0.1865E-83  0.2457E+02
  -7.740  0.1084E+02  0.1865E-83  0.2468E+02
  -7.730  0.1078E+02  0.1865E-83  0.2478E+02
  -7.720  0.1072E+02  0.1865E-83  0.2489E+02
  -7.710  0.1066E+02  0.1865E-83  0.2500E+02
  -7.700  0.1060E+02  0.1865E-83  0.2510E+02
  -7.690  0.1054E+02  0.1865E-83  0.2521E+02
  -7.680  0.1048E+02  0.1865E-83  0.2531E+02
  -7.670  0.1042E+02  0.1865E-83  0.2542E+02
  -7.660  0.1035E+02  0.1865E-83  0.2552E+02
  -7.650  0.1029E+02  0.1865E-83  0.2563E+02
  -7.640  0.1023E+02  0.1865E-83  0.2573E+02
  -7.630  0.1017E+02  0.1865E-83  0.2583E+02
  -7.620  0.1011E+02  0.1865E-83  0.2593E+02
  -7.610  0.1005E+02  0.1865E-83  0.2603E+02
  -7.600  0.9999E+01  0.1865E-83  0.2613E+02
  -7.590  0.9949E+01  0.1865E-83  0.2623E+02
  -7.580  0.9901E+01  0.1865E-83  0.2633E+02
  -7.570  0.9857E+01  0.1865E-83  0.2643E+02
  -7.560  0.9818E+01  0.1865E-83  0.2653E+02
  -7.550  0.9783E+01  0.1865E-83  0.2662E+02
  -7.540  0.9752E+01  0.1865E-83  0.2672E+02
  -7.530  0.9727E+01  0.1865E-83  0.2682E+02
  -7.520  0.9706E+01  0.1865E-83  0.2692E+02
  -7.510  0.9692E+01  0.1865E-83  0.2701E+02
  -7.500  0.9682E+01  0.1865E-83  0.2711E+02
  -7.490  0.9679E+01  0.1865E-83  0.2721E+02
  -7.480  0.9682E+01  0.1865E-83  0.2730E+02
  -7.470  0.9690E+01  0.1865E-83  0.2740E+02
  -7.460  0.9705E+01  0.1865E-83  0.2750E+02
  -7.450  0.9725E+01  0.1865E-83  0.2759E+02
  -7.440  0.9752E+01  0.1865E-83  0.2769E+02
  -7.430  0.9784E+01  0.1865E-83  0.2779E+02
  -7.420  0.9822E+01  0.1865E-83  0.2789E+02
  -7.410  0.9866E+01  0.1865E-83  0.2799E+02
  -7.400  0.9916E+01  0.1865E-83  0.2809E+02
  -7.390  0.9971E+01  0.1865E-83  0.2819E+02
  -7.380  0.1003E+02  0.1865E-83  0.2829E+02
  -7.370  0.1010E+02  0.1865E-83  0.2839E+02
  -7.360  0.1017E+02  0.1865E-83  0.2849E+02
  -7.350  0.1024E+02  0.1865E-83  0.2859E+02
  -7.340  0.1032E+02  0.1865E-83  0.2869E+02
  -7.330  0.1041E+02  0.1865E-83  0.2880E+02
  -7.320  0.1049E+02  0.1865E-83  0.2890E+02
  -7.310  0.1059E+02  0.1865E-83  0.2901E+02
  -7.300  0.1068E+02  0.1865E-83  0.2912E+02
  -7.290  0.1078E+02  0.1865E-83  0.2922E+02
  -7.280  0.1089E+02  0.1865E-83  0.2933E+02
  -7.270  0.1099E+02  0.1865E-83  0.2944E+02
  -7.260  0.1110E+02  0.1865E-83  0.2955E+02
  -7.250  0.1122E+02  0.1865E-83  0.2967E+02
  -7.240  0.1133E+02  0.1865E-83  0.2978E+02
  -7.230  0.1145E+02  0.1865E-83  0.2989E+02
  -7.220  0.1157E+02  0.1865E-83  0.3001E+02
  -7.210  0.1170E+02  0.1865E-83  0.3013E+02
  -7.200  0.1182E+02  0.1865E-83  0.3024E+02
  -7.190  0.1195E+02  0.1865E-83  0.3036E+02
  -7.180  0.1209E+02  0.1865E-83  0.3048E+02
  -7.170  0.1222E+02  0.1865E-83  0.3061E+02
  -7.160  0.1235E+02  0.1865E-83  0.3073E+02
  -7.150  0.1249E+02  0.1865E-83  0.3086E+02
  -7.140  0.1263E+02  0.1865E-83  0.3098E+02
  -7.130  0.1277E+02  0.1865E-83  0.3111E+02
  -7.120  0.1291E+02  0.1865E-83  0.3124E+02
  -7.110  0.1305E+02  0.1865E-83  0.3137E+02
  -7.100  0.1319E+02  0.1865E-83  0.3150E+02
  -7.090  0.1333E+02  0.1865E-83  0.3163E+02
  -7.080  0.1347E+02  0.1865E-83  0.3177E+02
  -7.070  0.1361E+02  0.1865E-83  0.3190E+02
  -7.060  0.1375E+02  0.1865E-83  0.3204E+02
  -7.050  0.1388E+02  0.1865E-83  0.3218E+02
  -7.040  0.1402E+02  0.1865E-83  0.3232E+02
  -7.030  0.1415E+02  0.1865E-83  0.3246E+02
  -7.020  0.1428E+02  0.1865E-83  0.3261E+02
  -7.010  0.1440E+02  0.1865E-83  0.3275E+02
  -7.000  0.1452E+02  0.1865E-83  0.3289E+02
  -6.990  0.1464E+02  0.1865E-83  0.3304E+02
  -6.980  0.1475E+02  0.1865E-83  0.3319E+02
  -6.970  0.1486E+02  0.1865E-83  0.3334E+02
  -6.960  0.1496E+02  0.1865E-83  0.3349E+02
  -6.950  0.1505E+02  0.1865E-83  0.3364E+02
  -6.940  0.1514E+02  0.1865E-83  0.3379E+02
  -6.930  0.1522E+02  0.1865E-83  0.3394E+02
  -6.920  0.1530E+02  0.1865E-83  0.3409E+02
  -6.910  0.1537E+02  0.1865E-83  0.3425E+02
  -6.900  0.1543E+02  0.1865E-83  0.3440E+02
  -6.890  0.1549E+02  0.1865E-83  0.3456E+02
  -6.880  0.1553E+02  0.1865E-83  0.3471E+02
  -6.870  0.1557E+02  0.1865E-83  0.3487E+02
  -6.860  0.1561E+02  0.1865E-83  0.3502E+02
  -6.850  0.1564E+02  0.1865E-83  0.3518E+02
  -6.840  0.1566E+02  0.1865E-83  0.3534E+02
  -6.830  0.1567E+02  0.1865E-83  0.3549E+02
  -6.820  0.1568E+02  0.1865E-83  0.3565E+02
  -6.810  0.1568E+02  0.1865E-83  0.3581E+02
  -6.800  0.1568E+02  0.1865E-83  0.3596E+02
  -6.790  0.1567E+02  0.1865E-83  0.3612E+02
  -6.780  0.1566E+02  0.1865E-83  0.3628E+02
  -6.770  0.1565E+02  0.1865E-83  0.3643E+02
  -6.760  0.1563E+02  0.1865E-83  0.3659E+02
  -6.750  0.1560E+02  0.1865E-83  0.3675E+02
  -6.740  0.1558E+02  0.1865E-83  0.3690E+02
  -6.730  0.1555E+02  0.1865E-83  0.3706E+02
  -6.720  0.1552E+02  0.1865E-83  0.3721E+02
  -6.710  0.1549E+02  0.1865E-83  0.3737E+02
  -6.700  0.1545E+02  0.1865E-83  0.3752E+02
  -6.690  0.1542E+02  0.1865E-83  0.3768E+02
  -6.680  0.1538E+02  0.1865E-83  0.3783E+02
  -6.670  0.1535E+02  0.1865E-83  0.3798E+02
  -6.660  0.1531E+02  0.1865E-83  0.3814E+02
  -6.650  0.1527E+02  0.1865E-83  0.3829E+02
  -6.640  0.1523E+02  0.1865E-83  0.3844E+02
  -6.630  0.1520E+02  0.1865E-83  0.3859E+02
  -6.620  0.1516E+02  0.1865E-83  0.3874E+02
  -6.610  0.1512E+02  0.1865E-83  0.3890E+02
  -6.600  0.1508E+02  0.1865E-83  0.3905E+02
  -6.590  0.1504E+02  0.1865E-83  0.3920E+02
  -6.580  0.1500E+02  0.1865E-83  0.3935E+02
  -6.570  0.1497E+02  0.1865E-83  0.3950E+02
  -6.560  0.1493E+02  0.1865E-83  0.3965E+02
  -6.550  0.1488E+02  0.1865E-83  0.3979E+02
  -6.540  0.1484E+02  0.1865E-83  0.3994E+02
  -6.530  0.1480E+02  0.1865E-83  0.4009E+02
  -6.520  0.1476E+02  0.1865E-83  0.4024E+02
  -6.510  0.1471E+02  0.1865E-83  0.4039E+02
  -6.500  0.1467E+02  0.1865E-83  0.4053E+02
  -6.490  0.1462E+02  0.1865E-83  0.4068E+02
  -6.480  0.1458E+02  0.1865E-83  0.4082E+02
  -6.470  0.1453E+02  0.1865E-83  0.4097E+02
  -6.460  0.1448E+02  0.1865E-83  0.4111E+02
  -6.450  0.1443E+02  0.1865E-83  0.4126E+02
  -6.440  0.1438E+02  0.1865E-83  0.4140E+02
  -6.430  0.1433E+02  0.1865E-83  0.4155E+02
  -6.420  0.1428E+02  0.1865E-83  0.4169E+02
  -6.410  0.1424E+02  0.1865E-83  0.4183E+02
  -6.400  0.1419E+02  0.1865E-83  0.4197E+02
  -6.390  0.1414E+02  0.1865E-83  0.4211E+02
  -6.380  0.1410E+02  0.1865E-83  0.4226E+02
  -6.370  0.1405E+02  0.1865E-83  0.4240E+02
  -6.360  0.1401E+02  0.1865E-83  0.4254E+02
  -6.350  0.1397E+02  0.1865E-83  0.4268E+02
  -6.340  0.1394E+02  0.1865E-83  0.4282E+02
  -6.330  0.1391E+02  0.1865E-83  0.4295E+02
  -6.320  0.1388E+02  0.1865E-83  0.4309E+02
  -6.310  0.1386E+02  0.1865E-83  0.4323E+02
  -6.300  0.1384E+02  0.1865E-83  0.4337E+02
  -6.290  0.1382E+02  0.1865E-83  0.4351E+02
  -6.280  0.1381E+02  0.1865E-83  0.4365E+02
  -6.270  0.1381E+02  0.1865E-83  0.4378E+02
  -6.260  0.1381E+02  0.1865E-83  0.4392E+02
  -6.250  0.1381E+02  0.1865E-83  0.4406E+02
  -6.240  0.1382E+02  0.1865E-83  0.4420E+02
  -6.230  0.1384E+02  0.1865E-83  0.4434E+02
  -6.220  0.1386E+02  0.1865E-83  0.4448E+02
  -6.210  0.1388E+02  0.1865E-83  0.4462E+02
  -6.200  0.1391E+02  0.1865E-83  0.4475E+02
  -6.190  0.1394E+02  0.1865E-83  0.4489E+02
  -6.180  0.1397E+02  0.1865E-83  0.4503E+02
  -6.170  0.1401E+02  0.1865E-83  0.4517E+02
  -6.160  0.1405E+02  0.1865E-83  0.4531E+02
  -6.150  0.1409E+02  0.1865E-83  0.4545E+02
  -6.140  0.1413E+02  0.1865E-83  0.4560E+02
  -6.130  0.1417E+02  0.1865E-83  0.4574E+02
  -6.120  0.1421E+02  0.1865E-83  0.4588E+02
  -6.110  0.1425E+02  0.1865E-83  0.4602E+02
  -6.100  0.1429E+02  0.1865E-83  0.4617E+02
  -6.090  0.1432E+02  0.1865E-83  0.4631E+02
  -6.080  0.1435E+02  0.1865E-83  0.4645E+02
  -6.070  0.1438E+02  0.1865E-83  0.4660E+02
  -6.060  0.1441E+02  0.1865E-83  0.4674E+02
  -6.050  0.1443E+02  0.1865E-83  0.4688E+02
  -6.040  0.1444E+02  0.1865E-83  0.4703E+02
  -6.030  0.1445E+02  0.1865E-83  0.4717E+02
  -6.020  0.1445E+02  0.1865E-83  0.4732E+02
  -6.010  0.1445E+02  0.1865E-83  0.4746E+02
  -6.000  0.1444E+02  0.1865E-83  0.4761E+02
  -5.990  0.1442E+02  0.1865E-83  0.4775E+02
  -5.980  0.1440E+02  0.1865E-83  0.4789E+02
  -5.970  0.1437E+02  0.1865E-83  0.4804E+02
  -5.960  0.1434E+02  0.1865E-83  0.4818E+02
  -5.950  0.1430E+02  0.1865E-83  0.4832E+02
  -5.940  0.1426E+02  0.1865E-83  0.4847E+02
  -5.930  0.1421E+02  0.1865E-83  0.4861E+02
  -5.920  0.1415E+02  0.1865E-83  0.4875E+02
  -5.910  0.1410E+02  0.1865E-83  0.4889E+02
  -5.900  0.1404E+02  0.1865E-83  0.4903E+02
  -5.890  0.1397E+02  0.1865E-83  0.4917E+02
  -5.880  0.1391E+02  0.1865E-83  0.4931E+02
  -5.870  0.1384E+02  0.1865E-83  0.4945E+02
  -5.860  0.1377E+02  0.1865E-83  0.4959E+02
  -5.850  0.1370E+02  0.1865E-83  0.4972E+02
  -5.840  0.1364E+02  0.1865E-83  0.4986E+02
  -5.830  0.1357E+02  0.1865E-83  0.5000E+02
  -5.820  0.1351E+02  0.1865E-83  0.5013E+02
  -5.810  0.1345E+02  0.1865E-83  0.5027E+02
  -5.800  0.1339E+02  0.1865E-83  0.5040E+02
  -5.790  0.1333E+02  0.1865E-83  0.5053E+02
  -5.780  0.1328E+02  0.1865E-83  0.5067E+02
  -5.770  0.1323E+02  0.1865E-83  0.5080E+02
  -5.760  0.1319E+02  0.1865E-83  0.5093E+02
  -5.750  0.1315E+02  0.1865E-83  0.5106E+02
  -5.740  0.1312E+02  0.1865E-83  0.5119E+02
  -5.730  0.1309E+02  0.1865E-83  0.5132E+02
  -5.720  0.1307E+02  0.1865E-83  0.5145E+02
  -5.710  0.1305E+02  0.1865E-83  0.5158E+02
  -5.700  0.1303E+02  0.1865E-83  0.5172E+02
  -5.690  0.1302E+02  0.1865E-83  0.5185E+02
  -5.680  0.1302E+02  0.1865E-83  0.5198E+02
  -5.670  0.1302E+02  0.1865E-83  0.5211E+02
  -5.660  0.1302E+02  0.1865E-83  0.5224E+02
  -5.650  0.1303E+02  0.1865E-83  0.5237E+02
  -5.640  0.1304E+02  0.1865E-83  0.5250E+02
  -5.630  0.1305E+02  0.1865E-83  0.5263E+02
  -5.620  0.1307E+02  0.1865E-83  0.5276E+02
  -5.610  0.1309E+02  0.1865E-83  0.5289E+02
  -5.600  0.1310E+02  0.1865E-83  0.5302E+02
  -5.590  0.1313E+02  0.1865E-83  0.5315E+02
  -5.580  0.1315E+02  0.1865E-83  0.5328E+02
  -5.570  0.1317E+02  0.1865E-83  0.5341E+02
  -5.560  0.1319E+02  0.1865E-83  0.5355E+02
  -5.550  0.1321E+02  0.1865E-83  0.5368E+02
  -5.540  0.1324E+02  0.1865E-83  0.5381E+02
  -5.530  0.1326E+02  0.1865E-83  0.5394E+02
  -5.520  0.1327E+02  0.1865E-83  0.5408E+02
  -5.510  0.1329E+02  0.1865E-83  0.5421E+02
  -5.500  0.1331E+02  0.1865E-83  0.5434E+02
  -5.490  0.1332E+02  0.1865E-83  0.5448E+02
  -5.480  0.1333E+02  0.1865E-83  0.5461E+02
  -5.470  0.1334E+02  0.1865E-83  0.5474E+02
  -5.460  0.1334E+02  0.1865E-83  0.5488E+02
  -5.450  0.1334E+02  0.1865E-83  0.5501E+02
  -5.440  0.1334E+02  0.1865E-83  0.5514E+02
  -5.430  0.1333E+02  0.1865E-83  0.5528E+02
  -5.420  0.1332E+02  0.1865E-83  0.5541E+02
  -5.410  0.1331E+02  0.1865E-83  0.5554E+02
  -5.400  0.1329E+02  0.1865E-83  0.5567E+02
  -5.390  0.1327E+02  0.1865E-83  0.5581E+02
  -5.380  0.1325E+02  0.1865E-83  0.5594E+02
  -5.370  0.1322E+02  0.1865E-83  0.5607E+02
  -5.360  0.1318E+02  0.1865E-83  0.5620E+02
  -5.350  0.1314E+02  0.1865E-83  0.5634E+02
  -5.340  0.1310E+02  0.1865E-83  0.5647E+02
  -5.330  0.1305E+02  0.1865E-83  0.5660E+02
  -5.320  0.1300E+02  0.1865E-83  0.5673E+02
  -5.310  0.1295E+02  0.1865E-83  0.5686E+02
  -5.300  0.1288E+02  0.1865E-83  0.5699E+02
  -5.290  0.1282E+02  0.1865E-83  0.5711E+02
  -5.280  0.1275E+02  0.1865E-83  0.5724E+02
  -5.270  0.1267E+02  0.1865E-83  0.5737E+02
  -5.260  0.1259E+02  0.1865E-83  0.5749E+02
  -5.250  0.1251E+02  0.1865E-83  0.5762E+02
  -5.240  0.1242E+02  0.1865E-83  0.5774E+02
  -5.230  0.1233E+02  0.1865E-83  0.5787E+02
  -5.220  0.1223E+02  0.1865E-83  0.5799E+02
  -5.210  0.1213E+02  0.1865E-83  0.5811E+02
  -5.200  0.1202E+02  0.1865E-83  0.5823E+02
  -5.190  0.1191E+02  0.1865E-83  0.5835E+02
  -5.180  0.1180E+02  0.1865E-83  0.5847E+02
  -5.170  0.1168E+02  0.1865E-83  0.5858E+02
  -5.160  0.1156E+02  0.1865E-83  0.5870E+02
  -5.150  0.1143E+02  0.1865E-83  0.5881E+02
  -5.140  0.1130E+02  0.1865E-83  0.5893E+02
  -5.130  0.1117E+02  0.1865E-83  0.5904E+02
  -5.120  0.1104E+02  0.1865E-83  0.5915E+02
  -5.110  0.1090E+02  0.1865E-83  0.5926E+02
  -5.100  0.1076E+02  0.1865E-83  0.5937E+02
  -5.090  0.1062E+02  0.1865E-83  0.5947E+02
  -5.080  0.1048E+02  0.1865E-83  0.5958E+02
  -5.070  0.1034E+02  0.1865E-83  0.5968E+02
  -5.060  0.1020E+02  0.1865E-83  0.5978E+02
  -5.050  0.1005E+02  0.1865E-83  0.5988E+02
  -5.040  0.9913E+01  0.1865E-83  0.5998E+02
  -5.030  0.9771E+01  0.1865E-83  0.6008E+02
  -5.020  0.9631E+01  0.1865E-83  0.6018E+02
  -5.010  0.9492E+01  0.1865E-83  0.6027E+02
  -5.000  0.9356E+01  0.1865E-83  0.6036E+02
  -4.990  0.9222E+01  0.1865E-83  0.6046E+02
  -4.980  0.9091E+01  0.1865E-83  0.6055E+02
  -4.970  0.8964E+01  0.1865E-83  0.6064E+02
  -4.960  0.8840E+01  0.1865E-83  0.6072E+02
  -4.950  0.8721E+01  0.1865E-83  0.6081E+02
  -4.940  0.8606E+01  0.1865E-83  0.6090E+02
  -4.930  0.8496E+01  0.1865E-83  0.6098E+02
  -4.920  0.8391E+01  0.1865E-83  0.6107E+02
  -4.910  0.8292E+01  0.1865E-83  0.6115E+02
  -4.900  0.8198E+01  0.1865E-83  0.6123E+02
  -4.890  0.8110E+01  0.1865E-83  0.6131E+02
  -4.880  0.8028E+01  0.1865E-83  0.6139E+02
  -4.870  0.7953E+01  0.1865E-83  0.6147E+02
  -4.860  0.7883E+01  0.1865E-83  0.6155E+02
  -4.850  0.7820E+01  0.1865E-83  0.6163E+02
  -4.840  0.7763E+01  0.1865E-83  0.6171E+02
  -4.830  0.7712E+01  0.1865E-83  0.6178E+02
  -4.820  0.7667E+01  0.1865E-83  0.6186E+02
  -4.810  0.7628E+01  0.1865E-83  0.6194E+02
  -4.800  0.7594E+01  0.1865E-83  0.6201E+02
  -4.790  0.7566E+01  0.1865E-83  0.6209E+02
  -4.780  0.7543E+01  0.1865E-83  0.6216E+02
  -4.770  0.7524E+01  0.1865E-83  0.6224E+02
  -4.760  0.7511E+01  0.1865E-83  0.6231E+02
  -4.750  0.7501E+01  0.1865E-83  0.6239E+02
  -4.740  0.7494E+01  0.1865E-83  0.6246E+02
  -4.730  0.7491E+01  0.1865E-83  0.6254E+02
  -4.720  0.7491E+01  0.1865E-83  0.6261E+02
  -4.710  0.7492E+01  0.1865E-83  0.6269E+02
  -4.700  0.7496E+01  0.1865E-83  0.6276E+02
  -4.690  0.7500E+01  0.1865E-83  0.6284E+02
  -4.680  0.7506E+01  0.1865E-83  0.6291E+02
  -4.670  0.7511E+01  0.1865E-83  0.6299E+02
  -4.660  0.7516E+01  0.1865E-83  0.6306E+02
  -4.650  0.7520E+01  0.1865E-83  0.6314E+02
  -4.640  0.7523E+01  0.1865E-83  0.6322E+02
  -4.630  0.7524E+01  0.1865E-83  0.6329E+02
  -4.620  0.7522E+01  0.1865E-83  0.6337E+02
  -4.610  0.7518E+01  0.1865E-83  0.6344E+02
  -4.600  0.7510E+01  0.1865E-83  0.6352E+02
  -4.590  0.7499E+01  0.1865E-83  0.6359E+02
  -4.580  0.7484E+01  0.1865E-83  0.6367E+02
  -4.570  0.7464E+01  0.1865E-83  0.6374E+02
  -4.560  0.7439E+01  0.1865E-83  0.6381E+02
  -4.550  0.7409E+01  0.1865E-83  0.6389E+02
  -4.540  0.7374E+01  0.1865E-83  0.6396E+02
  -4.530  0.7333E+01  0.1865E-83  0.6404E+02
  -4.520  0.7287E+01  0.1865E-83  0.6411E+02
  -4.510  0.7235E+01  0.1865E-83  0.6418E+02
  -4.500  0.7176E+01  0.1865E-83  0.6425E+02
  -4.490  0.7112E+01  0.1865E-83  0.6432E+02
  -4.480  0.7042E+01  0.1865E-83  0.6439E+02
  -4.470  0.6965E+01  0.1865E-83  0.6446E+02
  -4.460  0.6883E+01  0.1865E-83  0.6453E+02
  -4.450  0.6795E+01  0.1865E-83  0.6460E+02
  -4.440  0.6701E+01  0.1865E-83  0.6467E+02
  -4.430  0.6601E+01  0.1865E-83  0.6473E+02
  -4.420  0.6497E+01  0.1865E-83  0.6480E+02
  -4.410  0.6387E+01  0.1865E-83  0.6486E+02
  -4.400  0.6273E+01  0.1865E-83  0.6493E+02
  -4.390  0.6154E+01  0.1865E-83  0.6499E+02
  -4.380  0.6031E+01  0.1865E-83  0.6505E+02
  -4.370  0.5905E+01  0.1865E-83  0.6511E+02
  -4.360  0.5775E+01  0.1865E-83  0.6516E+02
  -4.350  0.5642E+01  0.1865E-83  0.6522E+02
  -4.340  0.5507E+01  0.1865E-83  0.6528E+02
  -4.330  0.5370E+01  0.1865E-83  0.6533E+02
  -4.320  0.5232E+01  0.1865E-83  0.6538E+02
  -4.310  0.5093E+01  0.1865E-83  0.6543E+02
  -4.300  0.4952E+01  0.1865E-83  0.6548E+02
  -4.290  0.4812E+01  0.1865E-83  0.6553E+02
  -4.280  0.4673E+01  0.1865E-83  0.6558E+02
  -4.270  0.4533E+01  0.1865E-83  0.6562E+02
  -4.260  0.4396E+01  0.1865E-83  0.6567E+02
  -4.250  0.4260E+01  0.1865E-83  0.6571E+02
  -4.240  0.4125E+01  0.1865E-83  0.6575E+02
  -4.230  0.3994E+01  0.1865E-83  0.6579E+02
  -4.220  0.3865E+01  0.1865E-83  0.6583E+02
  -4.210  0.3739E+01  0.1865E-83  0.6587E+02
  -4.200  0.3617E+01  0.1865E-83  0.6590E+02
  -4.190  0.3499E+01  0.1865E-83  0.6594E+02
  -4.180  0.3385E+01  0.1865E-83  0.6597E+02
  -4.170  0.3276E+01  0.1865E-83  0.6600E+02
  -4.160  0.3171E+01  0.1865E-83  0.6604E+02
  -4.150  0.3071E+01  0.1865E-83  0.6607E+02
  -4.140  0.2976E+01  0.1865E-83  0.6610E+02
  -4.130  0.2887E+01  0.1865E-83  0.6612E+02
  -4.120  0.2803E+01  0.1865E-83  0.6615E+02
  -4.110  0.2725E+01  0.1865E-83  0.6618E+02
  -4.100  0.2653E+01  0.1865E-83  0.6621E+02
  -4.090  0.2587E+01  0.1865E-83  0.6623E+02
  -4.080  0.2527E+01  0.1865E-83  0.6626E+02
  -4.070  0.2473E+01  0.1865E-83  0.6628E+02
  -4.060  0.2425E+01  0.1865E-83  0.6631E+02
  -4.050  0.2383E+01  0.1865E-83  0.6633E+02
  -4.040  0.2348E+01  0.1865E-83  0.6635E+02
  -4.030  0.2319E+01  0.1865E-83  0.6638E+02
  -4.020  0.2296E+01  0.1865E-83  0.6640E+02
  -4.010  0.2280E+01  0.1865E-83  0.6642E+02
  -4.000  0.2269E+01  0.1865E-83  0.6645E+02
  -3.990  0.2265E+01  0.1865E-83  0.6647E+02
  -3.980  0.2266E+01  0.1865E-83  0.6649E+02
  -3.970  0.2273E+01  0.1865E-83  0.6651E+02
  -3.960  0.2286E+01  0.1865E-83  0.6654E+02
  -3.950  0.2304E+01  0.1865E-83  0.6656E+02
  -3.940  0.2327E+01  0.1865E-83  0.6658E+02
  -3.930  0.2355E+01  0.1865E-83  0.6661E+02
  -3.920  0.2387E+01  0.1865E-83  0.6663E+02
  -3.910  0.2424E+01  0.1865E-83  0.6665E+02
  -3.900  0.2464E+01  0.1865E-83  0.6668E+02
  -3.890  0.2508E+01  0.1865E-83  0.6670E+02
  -3.880  0.2555E+01  0.1865E-83  0.6673E+02
  -3.870  0.2605E+01  0.1865E-83  0.6676E+02
  -3.860  0.2656E+01  0.1865E-83  0.6678E+02
  -3.850  0.2710E+01  0.1865E-83  0.6681E+02
  -3.840  0.2764E+01  0.4402E-83  0.6684E+02
  -3.830  0.2819E+01  0.1240E-82  0.6687E+02
  -3.820  0.2875E+01  0.3485E-82  0.6689E+02
  -3.810  0.2930E+01  0.9766E-82  0.6692E+02
  -3.800  0.2984E+01  0.2729E-81  0.6695E+02
  -3.790  0.3036E+01  0.7607E-81  0.6698E+02
  -3.780  0.3087E+01  0.2115E-80  0.6701E+02
  -3.770  0.3135E+01  0.5862E-80  0.6705E+02
  -3.760  0.3180E+01  0.1621E-79  0.6708E+02
  -3.750  0.3221E+01  0.4469E-79  0.6711E+02
  -3.740  0.3258E+01  0.1229E-78  0.6714E+02
  -3.730  0.3291E+01  0.3370E-78  0.6718E+02
  -3.720  0.3319E+01  0.9217E-78  0.6721E+02
  -3.710  0.3342E+01  0.2514E-77  0.6724E+02
  -3.700  0.3359E+01  0.6839E-77  0.6728E+02
  -3.690  0.3371E+01  0.1855E-76  0.6731E+02
  -3.680  0.3376E+01  0.5020E-76  0.6734E+02
  -3.670  0.3375E+01  0.1354E-75  0.6738E+02
  -3.660  0.3367E+01  0.3645E-75  0.6741E+02
  -3.650  0.3353E+01  0.9782E-75  0.6744E+02
  -3.640  0.3333E+01  0.2618E-74  0.6748E+02
  -3.630  0.3306E+01  0.6989E-74  0.6751E+02
  -3.620  0.3272E+01  0.1861E-73  0.6754E+02
  -3.610  0.3232E+01  0.4940E-73  0.6758E+02
  -3.600  0.3185E+01  0.1308E-72  0.6761E+02
  -3.590  0.3133E+01  0.3454E-72  0.6764E+02
  -3.580  0.3075E+01  0.9095E-72  0.6767E+02
  -3.570  0.3011E+01  0.2389E-71  0.6770E+02
  -3.560  0.2942E+01  0.6257E-71  0.6773E+02
  -3.550  0.2869E+01  0.1634E-70  0.6776E+02
  -3.540  0.2791E+01  0.4258E-70  0.6779E+02
  -3.530  0.2709E+01  0.1106E-69  0.6781E+02
  -3.520  0.2624E+01  0.2867E-69  0.6784E+02
  -3.510  0.2535E+01  0.7408E-69  0.6786E+02
  -3.500  0.2444E+01  0.1909E-68  0.6789E+02
  -3.490  0.2351E+01  0.4907E-68  0.6791E+02
  -3.480  0.2256E+01  0.1258E-67  0.6793E+02
  -3.470  0.2161E+01  0.3216E-67  0.6796E+02
  -3.460  0.2064E+01  0.8199E-67  0.6798E+02
  -3.450  0.1967E+01  0.2085E-66  0.6800E+02
  -3.440  0.1870E+01  0.5286E-66  0.6802E+02
  -3.430  0.1774E+01  0.1337E-65  0.6803E+02
  -3.420  0.1679E+01  0.3372E-65  0.6805E+02
  -3.410  0.1585E+01  0.8481E-65  0.6807E+02
  -3.400  0.1493E+01  0.2127E-64  0.6808E+02
  -3.390  0.1403E+01  0.5322E-64  0.6809E+02
  -3.380  0.1316E+01  0.1328E-63  0.6811E+02
  -3.370  0.1231E+01  0.3304E-63  0.6812E+02
  -3.360  0.1148E+01  0.8200E-63  0.6813E+02
  -3.350  0.1069E+01  0.2029E-62  0.6814E+02
  -3.340  0.9924E+00  0.5009E-62  0.6815E+02
  -3.330  0.9194E+00  0.1233E-61  0.6816E+02
  -3.320  0.8496E+00  0.3027E-61  0.6817E+02
  -3.310  0.7833E+00  0.7411E-61  0.6818E+02
  -3.300  0.7204E+00  0.1809E-60  0.6819E+02
  -3.290  0.6610E+00  0.4406E-60  0.6819E+02
  -3.280  0.6051E+00  0.1070E-59  0.6820E+02
  -3.270  0.5525E+00  0.2592E-59  0.6820E+02
  -3.260  0.5033E+00  0.6260E-59  0.6821E+02
  -3.250  0.4574E+00  0.1508E-58  0.6821E+02
  -3.240  0.4147E+00  0.3623E-58  0.6822E+02
  -3.230  0.3750E+00  0.8680E-58  0.6822E+02
  -3.220  0.3384E+00  0.2074E-57  0.6822E+02
  -3.210  0.3047E+00  0.4943E-57  0.6823E+02
  -3.200  0.2737E+00  0.1175E-56  0.6823E+02
  -3.190  0.2454E+00  0.2784E-56  0.6823E+02
  -3.180  0.2195E+00  0.6581E-56  0.6823E+02
  -3.170  0.1960E+00  0.1552E-55  0.6824E+02
  -3.160  0.1747E+00  0.3648E-55  0.6824E+02
  -3.150  0.1555E+00  0.8553E-55  0.6824E+02
  -3.140  0.1382E+00  0.2000E-54  0.6824E+02
  -3.130  0.1228E+00  0.4664E-54  0.6824E+02
  -3.120  0.1090E+00  0.1085E-53  0.6824E+02
  -3.110  0.9688E-01  0.2516E-53  0.6824E+02
  -3.100  0.8622E-01  0.5821E-53  0.6825E+02
  -3.090  0.7693E-01  0.1343E-52  0.6825E+02
  -3.080  0.6893E-01  0.3090E-52  0.6825E+02
  -3.070  0.6212E-01  0.7090E-52  0.6825E+02
  -3.060  0.5643E-01  0.1622E-51  0.6825E+02
  -3.050  0.5179E-01  0.3703E-51  0.6825E+02
  -3.040  0.4813E-01  0.8428E-51  0.6825E+02
  -3.030  0.4539E-01  0.1913E-50  0.6825E+02
  -3.020  0.4354E-01  0.4331E-50  0.6825E+02
  -3.010  0.4252E-01  0.9778E-50  0.6825E+02
  -3.000  0.4232E-01  0.2202E-49  0.6825E+02
  -2.990  0.4291E-01  0.4944E-49  0.6825E+02
  -2.980  0.4426E-01  0.1107E-48  0.6825E+02
  -2.970  0.4638E-01  0.2473E-48  0.6825E+02
  -2.960  0.4926E-01  0.5509E-48  0.6825E+02
  -2.950  0.5289E-01  0.1224E-47  0.6825E+02
  -2.940  0.5729E-01  0.2711E-47  0.6825E+02
  -2.930  0.6248E-01  0.5990E-47  0.6825E+02
  -2.920  0.6846E-01  0.1320E-46  0.6825E+02
  -2.910  0.7527E-01  0.2900E-46  0.6826E+02
  -2.900  0.8292E-01  0.6357E-46  0.6826E+02
  -2.890  0.9145E-01  0.1389E-45  0.6826E+02
  -2.880  0.1009E+00  0.3029E-45  0.6826E+02
  -2.870  0.1113E+00  0.6584E-45  0.6826E+02
  -2.860  0.1226E+00  0.1428E-44  0.6826E+02
  -2.850  0.1350E+00  0.3087E-44  0.6826E+02
  -2.840  0.1485E+00  0.6656E-44  0.6826E+02
  -2.830  0.1631E+00  0.1431E-43  0.6827E+02
  -2.820  0.1788E+00  0.3070E-43  0.6827E+02
  -2.810  0.1958E+00  0.6567E-43  0.6827E+02
  -2.800  0.2140E+00  0.1401E-42  0.6827E+02
  -2.790  0.2335E+00  0.2980E-42  0.6827E+02
  -2.780  0.2543E+00  0.6324E-42  0.6828E+02
  -2.770  0.2766E+00  0.1338E-41  0.6828E+02
  -2.760  0.3004E+00  0.2824E-41  0.6828E+02
  -2.750  0.3256E+00  0.5943E-41  0.6829E+02
  -2.740  0.3525E+00  0.1247E-40  0.6829E+02
  -2.730  0.3810E+00  0.2611E-40  0.6829E+02
  -2.720  0.4113E+00  0.5451E-40  0.6830E+02
  -2.710  0.4433E+00  0.1135E-39  0.6830E+02
  -2.700  0.4772E+00  0.2356E-39  0.6831E+02
  -2.690  0.5130E+00  0.4880E-39  0.6831E+02
  -2.680  0.5508E+00  0.1008E-38  0.6832E+02
  -2.670  0.5908E+00  0.2076E-38  0.6832E+02
  -2.660  0.6329E+00  0.4263E-38  0.6833E+02
  -2.650  0.6773E+00  0.8734E-38  0.6834E+02
  -2.640  0.7241E+00  0.1784E-37  0.6834E+02
  -2.630  0.7734E+00  0.3636E-37  0.6835E+02
  -2.620  0.8253E+00  0.7387E-37  0.6836E+02
  -2.610  0.8799E+00  0.1497E-36  0.6837E+02
  -2.600  0.9374E+00  0.3026E-36  0.6838E+02
  -2.590  0.9977E+00  0.6099E-36  0.6839E+02
  -2.580  0.1061E+01  0.1226E-35  0.6840E+02
  -2.570  0.1128E+01  0.2458E-35  0.6841E+02
  -2.560  0.1198E+01  0.4914E-35  0.6842E+02
  -2.550  0.1271E+01  0.9797E-35  0.6843E+02
  -2.540  0.1348E+01  0.1948E-34  0.6845E+02
  -2.530  0.1428E+01  0.3864E-34  0.6846E+02
  -2.520  0.1512E+01  0.7642E-34  0.6848E+02
  -2.510  0.1600E+01  0.1507E-33  0.6849E+02
  -2.500  0.1692E+01  0.2965E-33  0.6851E+02
  -2.490  0.1788E+01  0.5818E-33  0.6853E+02
  -2.480  0.1888E+01  0.1138E-32  0.6855E+02
  -2.470  0.1992E+01  0.2221E-32  0.6857E+02
  -2.460  0.2100E+01  0.4322E-32  0.6859E+02
  -2.450  0.2213E+01  0.8389E-32  0.6861E+02
  -2.440  0.2329E+01  0.1624E-31  0.6863E+02
  -2.430  0.2449E+01  0.3134E-31  0.6866E+02
  -2.420  0.2574E+01  0.6034E-31  0.6868E+02
  -2.410  0.2703E+01  0.1159E-30  0.6871E+02
  -2.400  0.2835E+01  0.2218E-30  0.6874E+02
  -2.390  0.2971E+01  0.4236E-30  0.6877E+02
  -2.380  0.3111E+01  0.8067E-30  0.6880E+02
  -2.370  0.3254E+01  0.1532E-29  0.6883E+02
  -2.360  0.3401E+01  0.2902E-29  0.6887E+02
  -2.350  0.3551E+01  0.5483E-29  0.6890E+02
  -2.340  0.3704E+01  0.1033E-28  0.6894E+02
  -2.330  0.3859E+01  0.1941E-28  0.6898E+02
  -2.320  0.4017E+01  0.3637E-28  0.6902E+02
  -2.310  0.4178E+01  0.6796E-28  0.6906E+02
  -2.300  0.4340E+01  0.1267E-27  0.6910E+02
  -2.290  0.4504E+01  0.2354E-27  0.6915E+02
  -2.280  0.4669E+01  0.4364E-27  0.6919E+02
  -2.270  0.4835E+01  0.8068E-27  0.6924E+02
  -2.260  0.5003E+01  0.1488E-26  0.6929E+02
  -2.250  0.5171E+01  0.2735E-26  0.6934E+02
  -2.240  0.5339E+01  0.5016E-26  0.6940E+02
  -2.230  0.5507E+01  0.9173E-26  0.6945E+02
  -2.220  0.5674E+01  0.1673E-25  0.6951E+02
  -2.210  0.5841E+01  0.3043E-25  0.6957E+02
  -2.200  0.6007E+01  0.5521E-25  0.6963E+02
  -2.190  0.6172E+01  0.9988E-25  0.6969E+02
  -2.180  0.6335E+01  0.1802E-24  0.6975E+02
  -2.170  0.6497E+01  0.3243E-24  0.6982E+02
  -2.160  0.6656E+01  0.5820E-24  0.6988E+02
  -2.150  0.6813E+01  0.1042E-23  0.6995E+02
  -2.140  0.6967E+01  0.1859E-23  0.7002E+02
  -2.130  0.7118E+01  0.3309E-23  0.7009E+02
  -2.120  0.7266E+01  0.5875E-23  0.7017E+02
  -2.110  0.7410E+01  0.1040E-22  0.7024E+02
  -2.100  0.7550E+01  0.1837E-22  0.7032E+02
  -2.090  0.7686E+01  0.3234E-22  0.7039E+02
  -2.080  0.7818E+01  0.5680E-22  0.7047E+02
  -2.070  0.7945E+01  0.9949E-22  0.7055E+02
  -2.060  0.8066E+01  0.1738E-21  0.7063E+02
  -2.050  0.8183E+01  0.3027E-21  0.7071E+02
  -2.040  0.8294E+01  0.5260E-21  0.7079E+02
  -2.030  0.8399E+01  0.9113E-21  0.7088E+02
  -2.020  0.8498E+01  0.1575E-20  0.7096E+02
  -2.010  0.8590E+01  0.2714E-20  0.7105E+02
  -2.000  0.8676E+01  0.4664E-20  0.7114E+02
  -1.990  0.8755E+01  0.7995E-20  0.7122E+02
  -1.980  0.8827E+01  0.1367E-19  0.7131E+02
  -1.970  0.8891E+01  0.2330E-19  0.7140E+02
  -1.960  0.8949E+01  0.3961E-19  0.7149E+02
  -1.950  0.8998E+01  0.6717E-19  0.7158E+02
  -1.940  0.9040E+01  0.1136E-18  0.7167E+02
  -1.930  0.9073E+01  0.1916E-18  0.7176E+02
  -1.920  0.9099E+01  0.3222E-18  0.7185E+02
  -1.910  0.9117E+01  0.5404E-18  0.7194E+02
  -1.900  0.9127E+01  0.9041E-18  0.7204E+02
  -1.890  0.9128E+01  0.1508E-17  0.7213E+02
  -1.880  0.9122E+01  0.2510E-17  0.7222E+02
  -1.870  0.9108E+01  0.4164E-17  0.7231E+02
  -1.860  0.9085E+01  0.6892E-17  0.7240E+02
  -1.850  0.9055E+01  0.1137E-16  0.7249E+02
  -1.840  0.9018E+01  0.1872E-16  0.7258E+02
  -1.830  0.8973E+01  0.3073E-16  0.7267E+02
  -1.820  0.8921E+01  0.5031E-16  0.7276E+02
  -1.810  0.8863E+01  0.8215E-16  0.7285E+02
  -1.800  0.8798E+01  0.1338E-15  0.7294E+02
  -1.790  0.8726E+01  0.2172E-15  0.7302E+02
  -1.780  0.8649E+01  0.3518E-15  0.7311E+02
  -1.770  0.8567E+01  0.5682E-15  0.7320E+02
  -1.760  0.8479E+01  0.9152E-15  0.7328E+02
  -1.750  0.8387E+01  0.1470E-14  0.7336E+02
  -1.740  0.8290E+01  0.2356E-14  0.7345E+02
  -1.730  0.8189E+01  0.3764E-14  0.7353E+02
  -1.720  0.8085E+01  0.5998E-14  0.7361E+02
  -1.710  0.7978E+01  0.9531E-14  0.7369E+02
  -1.700  0.7868E+01  0.1511E-13  0.7377E+02
  -1.690  0.7756E+01  0.2388E-13  0.7385E+02
  -1.680  0.7642E+01  0.3764E-13  0.7392E+02
  -1.670  0.7527E+01  0.5917E-13  0.7400E+02
  -1.660  0.7410E+01  0.9278E-13  0.7407E+02
  -1.650  0.7293E+01  0.1451E-12  0.7414E+02
  -1.640  0.7176E+01  0.2262E-12  0.7422E+02
  -1.630  0.7058E+01  0.3518E-12  0.7429E+02
  -1.620  0.6941E+01  0.5457E-12  0.7436E+02
  -1.610  0.6824E+01  0.8441E-12  0.7442E+02
  -1.600  0.6708E+01  0.1302E-11  0.7449E+02
  -1.590  0.6593E+01  0.2003E-11  0.7456E+02
  -1.580  0.6479E+01  0.3074E-11  0.7462E+02
  -1.570  0.6367E+01  0.4704E-11  0.7469E+02
  -1.560  0.6256E+01  0.7178E-11  0.7475E+02
  -1.550  0.6147E+01  0.1093E-10  0.7481E+02
  -1.540  0.6040E+01  0.1658E-10  0.7487E+02
  -1.530  0.5934E+01  0.2510E-10  0.7493E+02
  -1.520  0.5831E+01  0.3790E-10  0.7499E+02
  -1.510  0.5730E+01  0.5706E-10  0.7505E+02
  -1.500  0.5631E+01  0.8568E-10  0.7510E+02
  -1.490  0.5535E+01  0.1283E-09  0.7516E+02
  -1.480  0.5440E+01  0.1916E-09  0.7521E+02
  -1.470  0.5348E+01  0.2854E-09  0.7526E+02
  -1.460  0.5258E+01  0.4240E-09  0.7532E+02
  -1.450  0.5171E+01  0.6281E-09  0.7537E+02
  -1.440  0.5086E+01  0.9279E-09  0.7542E+02
  -1.430  0.5003E+01  0.1367E-08  0.7547E+02
  -1.420  0.4922E+01  0.2009E-08  0.7552E+02
  -1.410  0.4844E+01  0.2944E-08  0.7557E+02
  -1.400  0.4768E+01  0.4303E-08  0.7562E+02
  -1.390  0.4695E+01  0.6272E-08  0.7566E+02
  -1.380  0.4623E+01  0.9118E-08  0.7571E+02
  -1.370  0.4554E+01  0.1322E-07  0.7575E+02
  -1.360  0.4487E+01  0.1911E-07  0.7580E+02
  -1.350  0.4423E+01  0.2756E-07  0.7584E+02
  -1.340  0.4361E+01  0.3963E-07  0.7589E+02
  -1.330  0.4301E+01  0.5684E-07  0.7593E+02
  -1.320  0.4243E+01  0.8129E-07  0.7597E+02
  -1.310  0.4188E+01  0.1160E-06  0.7601E+02
  -1.300  0.4136E+01  0.1650E-06  0.7606E+02
  -1.290  0.4086E+01  0.2340E-06  0.7610E+02
  -1.280  0.4038E+01  0.3312E-06  0.7614E+02
  -1.270  0.3993E+01  0.4673E-06  0.7618E+02
  -1.260  0.3951E+01  0.6576E-06  0.7622E+02
  -1.250  0.3911E+01  0.9230E-06  0.7626E+02
  -1.240  0.3874E+01  0.1292E-05  0.7629E+02
  -1.230  0.3839E+01  0.1804E-05  0.7633E+02
  -1.220  0.3808E+01  0.2511E-05  0.7637E+02
  -1.210  0.3780E+01  0.3486E-05  0.7641E+02
  -1.200  0.3754E+01  0.4827E-05  0.7645E+02
  -1.190  0.3731E+01  0.6666E-05  0.7648E+02
  -1.180  0.3712E+01  0.9181E-05  0.7652E+02
  -1.170  0.3696E+01  0.1261E-04  0.7656E+02
  -1.160  0.3683E+01  0.1727E-04  0.7659E+02
  -1.150  0.3673E+01  0.2360E-04  0.7663E+02
  -1.140  0.3666E+01  0.3215E-04  0.7667E+02
  -1.130  0.3663E+01  0.4368E-04  0.7670E+02
  -1.120  0.3663E+01  0.5919E-04  0.7674E+02
  -1.110  0.3666E+01  0.8000E-04  0.7678E+02
  -1.100  0.3673E+01  0.1078E-03  0.7681E+02
  -1.090  0.3682E+01  0.1449E-03  0.7685E+02
  -1.080  0.3696E+01  0.1943E-03  0.7689E+02
  -1.070  0.3712E+01  0.2597E-03  0.7693E+02
  -1.060  0.3731E+01  0.3463E-03  0.7696E+02
  -1.050  0.3754E+01  0.4605E-03  0.7700E+02
  -1.040  0.3779E+01  0.6106E-03  0.7704E+02
  -1.030  0.3808E+01  0.8076E-03  0.7708E+02
  -1.020  0.3839E+01  0.1065E-02  0.7711E+02
  -1.010  0.3873E+01  0.1401E-02  0.7715E+02
  -1.000  0.3909E+01  0.1838E-02  0.7719E+02
  -0.990  0.3948E+01  0.2405E-02  0.7723E+02
  -0.980  0.3988E+01  0.3138E-02  0.7727E+02
  -0.970  0.4031E+01  0.4083E-02  0.7731E+02
  -0.960  0.4075E+01  0.5299E-02  0.7735E+02
  -0.950  0.4121E+01  0.6859E-02  0.7739E+02
  -0.940  0.4168E+01  0.8853E-02  0.7744E+02
  -0.930  0.4216E+01  0.1140E-01  0.7748E+02
  -0.920  0.4265E+01  0.1463E-01  0.7752E+02
  -0.910  0.4315E+01  0.1873E-01  0.7756E+02
  -0.900  0.4365E+01  0.2392E-01  0.7761E+02
  -0.890  0.4416E+01  0.3046E-01  0.7765E+02
  -0.880  0.4468E+01  0.3869E-01  0.7770E+02
  -0.870  0.4520E+01  0.4900E-01  0.7774E+02
  -0.860  0.4573E+01  0.6190E-01  0.7779E+02
  -0.850  0.4627E+01  0.7798E-01  0.7784E+02
  -0.840  0.4682E+01  0.9797E-01  0.7788E+02
  -0.830  0.4739E+01  0.1228E+00  0.7793E+02
  -0.820  0.4799E+01  0.1534E+00  0.7798E+02
  -0.810  0.4862E+01  0.1912E+00  0.7803E+02
  -0.800  0.4929E+01  0.2376E+00  0.7808E+02
  -0.790  0.5003E+01  0.2945E+00  0.7814E+02
  -0.780  0.5084E+01  0.3641E+00  0.7819E+02
  -0.770  0.5174E+01  0.4489E+00  0.7825E+02
  -0.760  0.5277E+01  0.5519E+00  0.7831E+02
  -0.750  0.5395E+01  0.6767E+00  0.7837E+02
  -0.740  0.5531E+01  0.8276E+00  0.7843E+02
  -0.730  0.5690E+01  0.1009E+01  0.7850E+02
  -0.720  0.5876E+01  0.1228E+01  0.7857E+02
  -0.710  0.6095E+01  0.1489E+01  0.7864E+02
  -0.700  0.6353E+01  0.1802E+01  0.7873E+02
  -0.690  0.6658E+01  0.2174E+01  0.7881E+02
  -0.680  0.7019E+01  0.2615E+01  0.7891E+02
  -0.670  0.7444E+01  0.3138E+01  0.7902E+02
  -0.660  0.7944E+01  0.3756E+01  0.7913E+02
  -0.650  0.8533E+01  0.4483E+01  0.7926E+02
  -0.640  0.9224E+01  0.5336E+01  0.7941E+02
  -0.630  0.1003E+02  0.6334E+01  0.7957E+02
  -0.620  0.1098E+02  0.7499E+01  0.7976E+02
  -0.610  0.1208E+02  0.8854E+01  0.7997E+02
  -0.600  0.1335E+02  0.1043E+02  0.8021E+02
  -0.590  0.1483E+02  0.1224E+02  0.8048E+02
  -0.580  0.1654E+02  0.1434E+02  0.8078E+02
  -0.570  0.1850E+02  0.1675E+02  0.8114E+02
  -0.560  0.2075E+02  0.1951E+02  0.8154E+02
  -0.550  0.2332E+02  0.2267E+02  0.8200E+02
  -0.540  0.2625E+02  0.2626E+02  0.8252E+02
  -0.530  0.2958E+02  0.3034E+02  0.8312E+02
  -0.520  0.3335E+02  0.3497E+02  0.8381E+02
  -0.510  0.3760E+02  0.4018E+02  0.8458E+02
  -0.500  0.4239E+02  0.4606E+02  0.8547E+02
  -0.490  0.4777E+02  0.5264E+02  0.8647E+02
  -0.480  0.5378E+02  0.6001E+02  0.8761E+02
  -0.470  0.6048E+02  0.6823E+02  0.8890E+02
  -0.460  0.6792E+02  0.7736E+02  0.9035E+02
  -0.450  0.7617E+02  0.8748E+02  0.9199E+02
  -0.440  0.8528E+02  0.9865E+02  0.9383E+02
  -0.430  0.9530E+02  0.1109E+03  0.9589E+02
  -0.420  0.1063E+03  0.1244E+03  0.9820E+02
  -0.410  0.1183E+03  0.1392E+03  0.1008E+03
  -0.400  0.1314E+03  0.1553E+03  0.1036E+03
  -0.390  0.1457E+03  0.1728E+03  0.1068E+03
  -0.380  0.1611E+03  0.1917E+03  0.1104E+03
  -0.370  0.1777E+03  0.2121E+03  0.1143E+03
  -0.360  0.1956E+03  0.2341E+03  0.1185E+03
  -0.350  0.2148E+03  0.2577E+03  0.1233E+03
  -0.340  0.2353E+03  0.2829E+03  0.1285E+03
  -0.330  0.2570E+03  0.3096E+03  0.1341E+03
  -0.320  0.2802E+03  0.3381E+03  0.1403E+03
  -0.310  0.3046E+03  0.3681E+03  0.1470E+03
  -0.300  0.3303E+03  0.3997E+03  0.1543E+03
  -0.290  0.3572E+03  0.4328E+03  0.1622E+03
  -0.280  0.3854E+03  0.4675E+03  0.1708E+03
  -0.270  0.4146E+03  0.5035E+03  0.1799E+03
  -0.260  0.4450E+03  0.5409E+03  0.1898E+03
  -0.250  0.4763E+03  0.5794E+03  0.2004E+03
  -0.240  0.5085E+03  0.6191E+03  0.2116E+03
  -0.230  0.5415E+03  0.6597E+03  0.2236E+03
  -0.220  0.5750E+03  0.7010E+03  0.2364E+03
  -0.210  0.6091E+03  0.7429E+03  0.2499E+03
  -0.200  0.6434E+03  0.7852E+03  0.2642E+03
  -0.190  0.6779E+03  0.8277E+03  0.2793E+03
  -0.180  0.7123E+03  0.8701E+03  0.2951E+03
  -0.170  0.7465E+03  0.9122E+03  0.3117E+03
  -0.160  0.7802E+03  0.9538E+03  0.3290E+03
  -0.150  0.8133E+03  0.9945E+03  0.3471E+03
  -0.140  0.8455E+03  0.1034E+04  0.3659E+03
  -0.130  0.8767E+03  0.1073E+04  0.3854E+03
  -0.120  0.9066E+03  0.1110E+04  0.4055E+03
  -0.110  0.9350E+03  0.1145E+04  0.4263E+03
  -0.100  0.9617E+03  0.1177E+04  0.4477E+03
  -0.090  0.9865E+03  0.1208E+04  0.4697E+03
  -0.080  0.1009E+04  0.1236E+04  0.4921E+03
  -0.070  0.1030E+04  0.1261E+04  0.5150E+03
  -0.060  0.1048E+04  0.1284E+04  0.5384E+03
  -0.050  0.1063E+04  0.1303E+04  0.5620E+03
  -0.040  0.1076E+04  0.1319E+04  0.5860E+03
  -0.030  0.1086E+04  0.1331E+04  0.6102E+03
  -0.020  0.1094E+04  0.1340E+04  0.6345E+03
  -0.010  0.1098E+04  0.1346E+04  0.6589E+03
   0.000  0.1099E+04  0.1348E+04  0.6834E+03
   0.010  0.1098E+04  0.1346E+04  0.7078E+03
   0.020  0.1093E+04  0.1340E+04  0.7322E+03
   0.030  0.1086E+04  0.1331E+04  0.7564E+03
   0.040  0.1076E+04  0.1319E+04  0.7803E+03
   0.050  0.1063E+04  0.1303E+04  0.8040E+03
   0.060  0.1047E+04  0.1284E+04  0.8273E+03
   0.070  0.1029E+04  0.1261E+04  0.8502E+03
   0.080  0.1008E+04  0.1236E+04  0.8726E+03
   0.090  0.9856E+03  0.1208E+04  0.8946E+03
   0.100  0.9607E+03  0.1177E+04  0.9159E+03
   0.110  0.9339E+03  0.1145E+04  0.9367E+03
   0.120  0.9054E+03  0.1110E+04  0.9569E+03
   0.130  0.8754E+03  0.1073E+04  0.9764E+03
   0.140  0.8442E+03  0.1034E+04  0.9951E+03
   0.150  0.8118E+03  0.9945E+03  0.1013E+04
   0.160  0.7786E+03  0.9538E+03  0.1031E+04
   0.170  0.7448E+03  0.9122E+03  0.1047E+04
   0.180  0.7105E+03  0.8701E+03  0.1063E+04
   0.190  0.6760E+03  0.8277E+03  0.1078E+04
   0.200  0.6414E+03  0.7852E+03  0.1092E+04
   0.210  0.6070E+03  0.7429E+03  0.1106E+04
   0.220  0.5729E+03  0.7010E+03  0.1118E+04
   0.230  0.5392E+03  0.6597E+03  0.1130E+04
   0.240  0.5062E+03  0.6191E+03  0.1142E+04
   0.250  0.4739E+03  0.5794E+03  0.1152E+04
   0.260  0.4425E+03  0.5409E+03  0.1162E+04
   0.270  0.4121E+03  0.5035E+03  0.1171E+04
   0.280  0.3827E+03  0.4675E+03  0.1180E+04
   0.290  0.3545E+03  0.4328E+03  0.1188E+04
   0.300  0.3275E+03  0.3997E+03  0.1195E+04
   0.310  0.3017E+03  0.3681E+03  0.1202E+04
   0.320  0.2773E+03  0.3381E+03  0.1208E+04
   0.330  0.2541E+03  0.3096E+03  0.1213E+04
   0.340  0.2323E+03  0.2829E+03  0.1218E+04
   0.350  0.2117E+03  0.2577E+03  0.1223E+04
   0.360  0.1925E+03  0.2341E+03  0.1227E+04
   0.370  0.1746E+03  0.2121E+03  0.1231E+04
   0.380  0.1579E+03  0.1917E+03  0.1235E+04
   0.390  0.1425E+03  0.1728E+03  0.1238E+04
   0.400  0.1282E+03  0.1553E+03  0.1241E+04
   0.410  0.1151E+03  0.1392E+03  0.1243E+04
   0.420  0.1030E+03  0.1244E+03  0.1246E+04
   0.430  0.9201E+02  0.1109E+03  0.1248E+04
   0.440  0.8197E+02  0.9865E+02  0.1249E+04
   0.450  0.7285E+02  0.8748E+02  0.1251E+04
   0.460  0.6459E+02  0.7736E+02  0.1252E+04
   0.470  0.5714E+02  0.6823E+02  0.1254E+04
   0.480  0.5043E+02  0.6001E+02  0.1255E+04
   0.490  0.4442E+02  0.5264E+02  0.1256E+04
   0.500  0.3905E+02  0.4606E+02  0.1257E+04
   0.510  0.3426E+02  0.4018E+02  0.1257E+04
   0.520  0.3001E+02  0.3497E+02  0.1258E+04
   0.530  0.2625E+02  0.3034E+02  0.1259E+04
   0.540  0.2293E+02  0.2626E+02  0.1259E+04
   0.550  0.2001E+02  0.2267E+02  0.1260E+04
   0.560  0.1746E+02  0.1951E+02  0.1260E+04
   0.570  0.1523E+02  0.1675E+02  0.1260E+04
   0.580  0.1330E+02  0.1434E+02  0.1261E+04
   0.590  0.1162E+02  0.1224E+02  0.1261E+04
   0.600  0.1018E+02  0.1043E+02  0.1261E+04
   0.610  0.8937E+01  0.8854E+01  0.1261E+04
   0.620  0.7879E+01  0.7499E+01  0.1261E+04
   0.630  0.6981E+01  0.6334E+01  0.1261E+04
   0.640  0.6224E+01  0.5336E+01  0.1262E+04
   0.650  0.5590E+01  0.4483E+01  0.1262E+04
   0.660  0.5064E+01  0.3756E+01  0.1262E+04
   0.670  0.4632E+01  0.3138E+01  0.1262E+04
   0.680  0.4281E+01  0.2615E+01  0.1262E+04
   0.690  0.4002E+01  0.2174E+01  0.1262E+04
   0.700  0.3783E+01  0.1802E+01  0.1262E+04
   0.710  0.3617E+01  0.1489E+01  0.1262E+04
   0.720  0.3496E+01  0.1228E+01  0.1262E+04
   0.730  0.3414E+01  0.1009E+01  0.1262E+04
   0.740  0.3364E+01  0.8276E+00  0.1262E+04
   0.750  0.3343E+01  0.6767E+00  0.1262E+04
   0.760  0.3345E+01  0.5519E+00  0.1262E+04
   0.770  0.3367E+01  0.4489E+00  0.1262E+04
   0.780  0.3405E+01  0.3641E+00  0.1262E+04
   0.790  0.3456E+01  0.2945E+00  0.1262E+04
   0.800  0.3519E+01  0.2376E+00  0.1262E+04
   0.810  0.3590E+01  0.1912E+00  0.1262E+04
   0.820  0.3667E+01  0.1534E+00  0.1262E+04
   0.830  0.3749E+01  0.1228E+00  0.1263E+04
   0.840  0.3834E+01  0.9797E-01  0.1263E+04
   0.850  0.3921E+01  0.7798E-01  0.1263E+04
   0.860  0.4009E+01  0.6190E-01  0.1263E+04
   0.870  0.4096E+01  0.4900E-01  0.1263E+04
   0.880  0.4182E+01  0.3869E-01  0.1263E+04
   0.890  0.4265E+01  0.3046E-01  0.1263E+04
   0.900  0.4345E+01  0.2392E-01  0.1263E+04
   0.910  0.4421E+01  0.1873E-01  0.1263E+04
   0.920  0.4492E+01  0.1463E-01  0.1263E+04
   0.930  0.4559E+01  0.1140E-01  0.1263E+04
   0.940  0.4621E+01  0.8853E-02  0.1263E+04
   0.950  0.4676E+01  0.6859E-02  0.1263E+04
   0.960  0.4726E+01  0.5299E-02  0.1263E+04
   0.970  0.4770E+01  0.4083E-02  0.1263E+04
   0.980  0.4807E+01  0.3138E-02  0.1263E+04
   0.990  0.4838E+01  0.2405E-02  0.1263E+04
   1.000  0.4863E+01  0.1838E-02  0.1263E+04
   1.010  0.4881E+01  0.1401E-02  0.1263E+04
   1.020  0.4893E+01  0.1065E-02  0.1263E+04
   1.030  0.4899E+01  0.8076E-03  0.1263E+04
   1.040  0.4900E+01  0.6106E-03  0.1263E+04
   1.050  0.4895E+01  0.4605E-03  0.1264E+04
   1.060  0.4884E+01  0.3463E-03  0.1264E+04
   1.070  0.4869E+01  0.2597E-03  0.1264E+04
   1.080  0.4850E+01  0.1943E-03  0.1264E+04
   1.090  0.4827E+01  0.1449E-03  0.1264E+04
   1.100  0.4800E+01  0.1078E-03  0.1264E+04
   1.110  0.4770E+01  0.8000E-04  0.1264E+04
   1.120  0.4737E+01  0.5919E-04  0.1264E+04
   1.130  0.4702E+01  0.4368E-04  0.1264E+04
   1.140  0.4666E+01  0.3215E-04  0.1264E+04
   1.150  0.4629E+01  0.2360E-04  0.1264E+04
   1.160  0.4591E+01  0.1727E-04  0.1264E+04
   1.170  0.4553E+01  0.1261E-04  0.1264E+04
   1.180  0.4515E+01  0.9181E-05  0.1264E+04
   1.190  0.4478E+01  0.6666E-05  0.1264E+04
   1.200  0.4442E+01  0.4827E-05  0.1264E+04
   1.210  0.4407E+01  0.3486E-05  0.1264E+04
   1.220  0.4375E+01  0.2511E-05  0.1264E+04
   1.230  0.4344E+01  0.1804E-05  0.1264E+04
   1.240  0.4316E+01  0.1292E-05  0.1264E+04
   1.250  0.4291E+01  0.9230E-06  0.1264E+04
   1.260  0.4268E+01  0.6576E-06  0.1264E+04
   1.270  0.4248E+01  0.4673E-06  0.1265E+04
   1.280  0.4231E+01  0.3312E-06  0.1265E+04
   1.290  0.4218E+01  0.2340E-06  0.1265E+04
   1.300  0.4207E+01  0.1650E-06  0.1265E+04
   1.310  0.4200E+01  0.1160E-06  0.1265E+04
   1.320  0.4195E+01  0.8129E-07  0.1265E+04
   1.330  0.4193E+01  0.5684E-07  0.1265E+04
   1.340  0.4194E+01  0.3963E-07  0.1265E+04
   1.350  0.4197E+01  0.2756E-07  0.1265E+04
   1.360  0.4203E+01  0.1911E-07  0.1265E+04
   1.370  0.4210E+01  0.1322E-07  0.1265E+04
   1.380  0.4219E+01  0.9118E-08  0.1265E+04
   1.390  0.4229E+01  0.6272E-08  0.1265E+04
   1.400  0.4240E+01  0.4303E-08  0.1265E+04
   1.410  0.4251E+01  0.2944E-08  0.1265E+04
   1.420  0.4263E+01  0.2009E-08  0.1265E+04
   1.430  0.4274E+01  0.1367E-08  0.1265E+04
   1.440  0.4284E+01  0.9279E-09  0.1265E+04
   1.450  0.4294E+01  0.6281E-09  0.1265E+04
   1.460  0.4301E+01  0.4240E-09  0.1265E+04
   1.470  0.4307E+01  0.2854E-09  0.1265E+04
   1.480  0.4310E+01  0.1916E-09  0.1265E+04
   1.490  0.4310E+01  0.1283E-09  0.1265E+04
   1.500  0.4306E+01  0.8568E-10  0.1265E+04
   1.510  0.4299E+01  0.5706E-10  0.1266E+04
   1.520  0.4289E+01  0.3790E-10  0.1266E+04
   1.530  0.4273E+01  0.2510E-10  0.1266E+04
   1.540  0.4253E+01  0.1658E-10  0.1266E+04
   1.550  0.4229E+01  0.1093E-10  0.1266E+04
   1.560  0.4199E+01  0.7178E-11  0.1266E+04
   1.570  0.4164E+01  0.4704E-11  0.1266E+04
   1.580  0.4123E+01  0.3074E-11  0.1266E+04
   1.590  0.4077E+01  0.2003E-11  0.1266E+04
   1.600  0.4026E+01  0.1302E-11  0.1266E+04
   1.610  0.3968E+01  0.8441E-12  0.1266E+04
   1.620  0.3906E+01  0.5457E-12  0.1266E+04
   1.630  0.3838E+01  0.3518E-12  0.1266E+04
   1.640  0.3765E+01  0.2262E-12  0.1266E+04
   1.650  0.3687E+01  0.1451E-12  0.1266E+04
   1.660  0.3604E+01  0.9278E-13  0.1266E+04
   1.670  0.3516E+01  0.5917E-13  0.1266E+04
   1.680  0.3425E+01  0.3764E-13  0.1266E+04
   1.690  0.3329E+01  0.2388E-13  0.1266E+04
   1.700  0.3230E+01  0.1511E-13  0.1266E+04
   1.710  0.3127E+01  0.9531E-14  0.1266E+04
   1.720  0.3022E+01  0.5998E-14  0.1266E+04
   1.730  0.2914E+01  0.3764E-14  0.1266E+04
   1.740  0.2805E+01  0.2356E-14  0.1266E+04
   1.750  0.2694E+01  0.1470E-14  0.1266E+04
   1.760  0.2582E+01  0.9152E-15  0.1266E+04
   1.770  0.2469E+01  0.5682E-15  0.1266E+04
   1.780  0.2357E+01  0.3518E-15  0.1267E+04
   1.790  0.2244E+01  0.2172E-15  0.1267E+04
   1.800  0.2133E+01  0.1338E-15  0.1267E+04
   1.810  0.2022E+01  0.8215E-16  0.1267E+04
   1.820  0.1913E+01  0.5031E-16  0.1267E+04
   1.830  0.1806E+01  0.3073E-16  0.1267E+04
   1.840  0.1701E+01  0.1872E-16  0.1267E+04
   1.850  0.1598E+01  0.1137E-16  0.1267E+04
   1.860  0.1498E+01  0.6892E-17  0.1267E+04
   1.870  0.1402E+01  0.4164E-17  0.1267E+04
   1.880  0.1308E+01  0.2510E-17  0.1267E+04
   1.890  0.1218E+01  0.1508E-17  0.1267E+04
   1.900  0.1131E+01  0.9041E-18  0.1267E+04
   1.910  0.1049E+01  0.5404E-18  0.1267E+04
   1.920  0.9695E+00  0.3222E-18  0.1267E+04
   1.930  0.8943E+00  0.1916E-18  0.1267E+04
   1.940  0.8230E+00  0.1136E-18  0.1267E+04
   1.950  0.7556E+00  0.6717E-19  0.1267E+04
   1.960  0.6920E+00  0.3961E-19  0.1267E+04
   1.970  0.6323E+00  0.2330E-19  0.1267E+04
   1.980  0.5763E+00  0.1367E-19  0.1267E+04
   1.990  0.5240E+00  0.7995E-20  0.1267E+04
   2.000  0.4754E+00  0.4664E-20  0.1267E+04
   2.010  0.4302E+00  0.2714E-20  0.1267E+04
   2.020  0.3883E+00  0.1575E-20  0.1267E+04
   2.030  0.3497E+00  0.9113E-21  0.1267E+04
   2.040  0.3141E+00  0.5260E-21  0.1267E+04
   2.050  0.2815E+00  0.3027E-21  0.1267E+04
   2.060  0.2516E+00  0.1738E-21  0.1267E+04
   2.070  0.2244E+00  0.9949E-22  0.1267E+04
   2.080  0.1996E+00  0.5680E-22  0.1267E+04
   2.090  0.1771E+00  0.3234E-22  0.1267E+04
   2.100  0.1568E+00  0.1837E-22  0.1267E+04
   2.110  0.1384E+00  0.1040E-22  0.1267E+04
   2.120  0.1219E+00  0.5875E-23  0.1267E+04
   2.130  0.1071E+00  0.3309E-23  0.1267E+04
   2.140  0.9386E-01  0.1859E-23  0.1267E+04
   2.150  0.8205E-01  0.1042E-23  0.1267E+04
   2.160  0.7154E-01  0.5820E-24  0.1267E+04
   2.170  0.6223E-01  0.3243E-24  0.1267E+04
   2.180  0.5399E-01  0.1802E-24  0.1267E+04
   2.190  0.4672E-01  0.9988E-25  0.1267E+04
   2.200  0.4033E-01  0.5521E-25  0.1267E+04
   2.210  0.3473E-01  0.3043E-25  0.1267E+04
   2.220  0.2983E-01  0.1673E-25  0.1267E+04
   2.230  0.2556E-01  0.9173E-26  0.1267E+04
   2.240  0.2184E-01  0.5016E-26  0.1267E+04
   2.250  0.1862E-01  0.2735E-26  0.1267E+04
   2.260  0.1583E-01  0.1488E-26  0.1267E+04
   2.270  0.1342E-01  0.8068E-27  0.1267E+04
   2.280  0.1136E-01  0.4364E-27  0.1267E+04
   2.290  0.9582E-02  0.2354E-27  0.1267E+04
   2.300  0.8065E-02  0.1267E-27  0.1267E+04
   2.310  0.6770E-02  0.6796E-28  0.1267E+04
   2.320  0.5669E-02  0.3637E-28  0.1267E+04
   2.330  0.4735E-02  0.1941E-28  0.1267E+04
   2.340  0.3945E-02  0.1033E-28  0.1267E+04
   2.350  0.3278E-02  0.5483E-29  0.1267E+04
   2.360  0.2717E-02  0.2902E-29  0.1267E+04
   2.370  0.2246E-02  0.1532E-29  0.1267E+04
   2.380  0.1852E-02  0.8067E-30  0.1267E+04
   2.390  0.1523E-02  0.4236E-30  0.1267E+04
   2.400  0.1250E-02  0.2218E-30  0.1267E+04
   2.410  0.1023E-02  0.1159E-30  0.1267E+04
   2.420  0.8345E-03  0.6034E-31  0.1267E+04
   2.430  0.6793E-03  0.3134E-31  0.1267E+04
   2.440  0.5516E-03  0.1624E-31  0.1267E+04
   2.450  0.4467E-03  0.8389E-32  0.1267E+04
   2.460  0.3609E-03  0.4322E-32  0.1267E+04
   2.470  0.2907E-03  0.2221E-32  0.1267E+04
   2.480  0.2336E-03  0.1138E-32  0.1267E+04
   2.490  0.1873E-03  0.5818E-33  0.1267E+04
   2.500  0.1497E-03  0.2965E-33  0.1267E+04
   2.510  0.1194E-03  0.1507E-33  0.1267E+04
   2.520  0.9496E-04  0.7642E-34  0.1267E+04
   2.530  0.7533E-04  0.3864E-34  0.1267E+04
   2.540  0.5961E-04  0.1948E-34  0.1267E+04
   2.550  0.4704E-04  0.9797E-35  0.1267E+04
   2.560  0.3703E-04  0.4914E-35  0.1267E+04
   2.570  0.2907E-04  0.2458E-35  0.1267E+04
   2.580  0.2276E-04  0.1226E-35  0.1267E+04
   2.590  0.1778E-04  0.6099E-36  0.1267E+04
   2.600  0.1385E-04  0.3026E-36  0.1267E+04
   2.610  0.1076E-04  0.1497E-36  0.1267E+04
   2.620  0.8340E-05  0.7387E-37  0.1267E+04
   2.630  0.6447E-05  0.3636E-37  0.1267E+04
   2.640  0.4970E-05  0.1784E-37  0.1267E+04
   2.650  0.3822E-05  0.8734E-38  0.1267E+04
   2.660  0.2931E-05  0.4263E-38  0.1267E+04
   2.670  0.2242E-05  0.2076E-38  0.1267E+04
   2.680  0.1711E-05  0.1008E-38  0.1267E+04
   2.690  0.1302E-05  0.4880E-39  0.1267E+04
   2.700  0.9880E-06  0.2356E-39  0.1267E+04
   2.710  0.7479E-06  0.1135E-39  0.1267E+04
   2.720  0.5647E-06  0.5451E-40  0.1267E+04
   2.730  0.4252E-06  0.2611E-40  0.1267E+04
   2.740  0.3194E-06  0.1247E-40  0.1267E+04
   2.750  0.2393E-06  0.5943E-41  0.1267E+04
   2.760  0.1788E-06  0.2824E-41  0.1267E+04
   2.770  0.1332E-06  0.1338E-41  0.1267E+04
   2.780  0.9902E-07  0.6324E-42  0.1267E+04
   2.790  0.7341E-07  0.2980E-42  0.1267E+04
   2.800  0.5428E-07  0.1401E-42  0.1267E+04
   2.810  0.4003E-07  0.6567E-43  0.1267E+04
   2.820  0.2944E-07  0.3070E-43  0.1267E+04
   2.830  0.2160E-07  0.1431E-43  0.1267E+04
   2.840  0.1580E-07  0.6656E-44  0.1267E+04
   2.850  0.1153E-07  0.3087E-44  0.1267E+04
   2.860  0.8393E-08  0.1428E-44  0.1267E+04
   2.870  0.6093E-08  0.6584E-45  0.1267E+04
   2.880  0.4412E-08  0.3029E-45  0.1267E+04
   2.890  0.3186E-08  0.1389E-45  0.1267E+04
   2.900  0.2294E-08  0.6357E-46  0.1267E+04
   2.910  0.1648E-08  0.2900E-46  0.1267E+04
   2.920  0.1181E-08  0.1320E-46  0.1267E+04
   2.930  0.8438E-09  0.5990E-47  0.1267E+04
   2.940  0.6014E-09  0.2711E-47  0.1267E+04
   2.950  0.4275E-09  0.1224E-47  0.1267E+04
   2.960  0.3031E-09  0.5509E-48  0.1267E+04
   2.970  0.2143E-09  0.2473E-48  0.1267E+04
   2.980  0.1511E-09  0.1107E-48  0.1267E+04
   2.990  0.1063E-09  0.4944E-49  0.1267E+04
   3.000  0.7457E-10  0.2202E-49  0.1267E+04
   3.010  0.5217E-10  0.9778E-50  0.1267E+04
   3.020  0.3641E-10  0.4331E-50  0.1267E+04
   3.030  0.2534E-10  0.1913E-50  0.1267E+04
   3.040  0.1759E-10  0.8428E-51  0.1267E+04
   3.050  0.1218E-10  0.3703E-51  0.1267E+04
   3.060  0.8409E-11  0.1622E-51  0.1267E+04
   3.070  0.5791E-11  0.7090E-52  0.1267E+04
   3.080  0.3978E-11  0.3090E-52  0.1267E+04
   3.090  0.2725E-11  0.1343E-52  0.1267E+04
   3.100  0.1862E-11  0.5821E-53  0.1267E+04
   3.110  0.1269E-11  0.2516E-53  0.1267E+04
   3.120  0.8622E-12  0.1085E-53  0.1267E+04
   3.130  0.5844E-12  0.4664E-54  0.1267E+04
   3.140  0.3951E-12  0.2000E-54  0.1267E+04
   3.150  0.2664E-12  0.8553E-55  0.1267E+04
   3.160  0.1792E-12  0.3648E-55  0.1267E+04
   3.170  0.1202E-12  0.1552E-55  0.1267E+04
   3.180  0.8038E-13  0.6581E-56  0.1267E+04
   3.190  0.5363E-13  0.2784E-56  0.1267E+04
   3.200  0.3568E-13  0.1175E-56  0.1267E+04
   3.210  0.2368E-13  0.4943E-57  0.1267E+04
   3.220  0.1567E-13  0.2074E-57  0.1267E+04
   3.230  0.1035E-13  0.8680E-58  0.1267E+04
   3.240  0.6812E-14  0.3623E-58  0.1267E+04
   3.250  0.4473E-14  0.1508E-58  0.1267E+04
   3.260  0.2929E-14  0.6260E-59  0.1267E+04
   3.270  0.1913E-14  0.2592E-59  0.1267E+04
   3.280  0.1246E-14  0.1070E-59  0.1267E+04
   3.290  0.8097E-15  0.4406E-60  0.1267E+04
   3.300  0.5247E-15  0.1809E-60  0.1267E+04
   3.310  0.3391E-15  0.7411E-61  0.1267E+04
   3.320  0.2185E-15  0.3027E-61  0.1267E+04
   3.330  0.1405E-15  0.1233E-61  0.1267E+04
   3.340  0.9007E-16  0.5009E-62  0.1267E+04
   3.350  0.5759E-16  0.2029E-62  0.1267E+04
   3.360  0.3673E-16  0.8200E-63  0.1267E+04
   3.370  0.2336E-16  0.3304E-63  0.1267E+04
   3.380  0.1482E-16  0.1328E-63  0.1267E+04
   3.390  0.9375E-17  0.5322E-64  0.1267E+04
   3.400  0.5915E-17  0.2127E-64  0.1267E+04
   3.410  0.3722E-17  0.8481E-65  0.1267E+04
   3.420  0.2336E-17  0.3372E-65  0.1267E+04
   3.430  0.1462E-17  0.1337E-65  0.1267E+04
   3.440  0.9130E-18  0.5286E-66  0.1267E+04
   3.450  0.5684E-18  0.2085E-66  0.1267E+04
   3.460  0.3530E-18  0.8199E-67  0.1267E+04
   3.470  0.2186E-18  0.3216E-67  0.1267E+04
   3.480  0.1350E-18  0.1258E-67  0.1267E+04
   3.490  0.8318E-19  0.4907E-68  0.1267E+04
   3.500  0.5111E-19  0.1909E-68  0.1267E+04
   3.510  0.3132E-19  0.7408E-69  0.1267E+04
   3.520  0.1914E-19  0.2867E-69  0.1267E+04
   3.530  0.1166E-19  0.1106E-69  0.1267E+04
   3.540  0.7090E-20  0.4258E-70  0.1267E+04
   3.550  0.4299E-20  0.1634E-70  0.1267E+04
   3.560  0.2599E-20  0.6257E-71  0.1267E+04
   3.570  0.1567E-20  0.2389E-71  0.1267E+04
   3.580  0.9426E-21  0.9095E-72  0.1267E+04
   3.590  0.5654E-21  0.3454E-72  0.1267E+04
   3.600  0.3382E-21  0.1308E-72  0.1267E+04
   3.610  0.2018E-21  0.4940E-73  0.1267E+04
   3.620  0.1201E-21  0.1861E-73  0.1267E+04
   3.630  0.7126E-22  0.6989E-74  0.1267E+04
   3.640  0.4217E-22  0.2618E-74  0.1267E+04
   3.650  0.2489E-22  0.9782E-75  0.1267E+04
   3.660  0.1466E-22  0.3645E-75  0.1267E+04
   3.670  0.8605E-23  0.1354E-75  0.1267E+04
   3.680  0.5039E-23  0.5020E-76  0.1267E+04
   3.690  0.2943E-23  0.1855E-76  0.1267E+04
   3.700  0.1714E-23  0.6839E-77  0.1267E+04
   3.710  0.9956E-24  0.2514E-77  0.1267E+04
   3.720  0.5768E-24  0.9217E-78  0.1267E+04
   3.730  0.3333E-24  0.3370E-78  0.1267E+04
   3.740  0.1920E-24  0.1229E-78  0.1267E+04
   3.750  0.1104E-24  0.4469E-79  0.1267E+04
   3.760  0.6326E-25  0.1621E-79  0.1267E+04
   3.770  0.3616E-25  0.5862E-80  0.1267E+04
   3.780  0.2062E-25  0.2115E-80  0.1267E+04
   3.790  0.1172E-25  0.7607E-81  0.1267E+04
   3.800  0.6647E-26  0.2729E-81  0.1267E+04
   3.810  0.3759E-26  0.9766E-82  0.1267E+04
   3.820  0.2120E-26  0.3485E-82  0.1267E+04
   3.830  0.1193E-26  0.1240E-82  0.1267E+04
   3.840  0.6692E-27  0.4402E-83  0.1267E+04
   3.850  0.3744E-27  0.1865E-83  0.1267E+04
   3.860  0.2089E-27  0.1865E-83  0.1267E+04
   3.870  0.1163E-27  0.1865E-83  0.1267E+04
   3.880  0.6455E-28  0.1865E-83  0.1267E+04
   3.890  0.3573E-28  0.1865E-83  0.1267E+04
   3.900  0.1973E-28  0.1865E-83  0.1267E+04
   3.910  0.1086E-28  0.1865E-83  0.1267E+04
   3.920  0.5964E-29  0.1865E-83  0.1267E+04
   3.930  0.3266E-29  0.1865E-83  0.1267E+04
   3.940  0.1784E-29  0.1865E-83  0.1267E+04
   3.950  0.9719E-30  0.1865E-83  0.1267E+04
   3.960  0.5280E-30  0.1865E-83  0.1267E+04
   3.970  0.2861E-30  0.1865E-83  0.1267E+04
   3.980  0.1546E-30  0.1865E-83  0.1267E+04
   3.990  0.8331E-31  0.1865E-83  0.1267E+04
   4.000  0.4478E-31  0.1865E-83  0.1267E+04
   4.010  0.2400E-31  0.1865E-83  0.1267E+04
   4.020  0.1283E-31  0.1865E-83  0.1267E+04
   4.030  0.6842E-32  0.1865E-83  0.1267E+04
   4.040  0.3638E-32  0.1865E-83  0.1267E+04
   4.050  0.1929E-32  0.1865E-83  0.1267E+04
   4.060  0.1020E-32  0.1865E-83  0.1267E+04
   4.070  0.5383E-33  0.1865E-83  0.1267E+04
   4.080  0.2832E-33  0.1865E-83  0.1267E+04
   4.090  0.1486E-33  0.1865E-83  0.1267E+04
   4.100  0.7773E-34  0.1865E-83  0.1267E+04
   4.110  0.4057E-34  0.1865E-83  0.1267E+04
   4.120  0.2111E-34  0.1865E-83  0.1267E+04
   4.130  0.1096E-34  0.1865E-83  0.1267E+04
   4.140  0.5673E-35  0.1865E-83  0.1267E+04
   4.150  0.2929E-35  0.1865E-83  0.1267E+04
   4.160  0.1508E-35  0.1865E-83  0.1267E+04
   4.170  0.7743E-36  0.1865E-83  0.1267E+04
   4.180  0.3966E-36  0.1865E-83  0.1267E+04
   4.190  0.2025E-36  0.1865E-83  0.1267E+04
   4.200  0.1032E-36  0.1865E-83  0.1267E+04
   4.210  0.5242E-37  0.1865E-83  0.1267E+04
   4.220  0.2656E-37  0.1865E-83  0.1267E+04
   4.230  0.1342E-37  0.1865E-83  0.1267E+04
   4.240  0.6762E-38  0.1865E-83  0.1267E+04
   4.250  0.3399E-38  0.1865E-83  0.1267E+04
   4.260  0.1704E-38  0.1865E-83  0.1267E+04
   4.270  0.8516E-39  0.1865E-83  0.1267E+04
   4.280  0.4246E-39  0.1865E-83  0.1267E+04
   4.290  0.2111E-39  0.1865E-83  0.1267E+04
   4.300  0.1047E-39  0.1865E-83  0.1267E+04
   4.310  0.5177E-40  0.1865E-83  0.1267E+04
   4.320  0.2554E-40  0.1865E-83  0.1267E+04
   4.330  0.1256E-40  0.1865E-83  0.1267E+04
   4.340  0.6162E-41  0.1865E-83  0.1267E+04
   4.350  0.3015E-41  0.1865E-83  0.1267E+04
   4.360  0.1471E-41  0.1865E-83  0.1267E+04
   4.370  0.7159E-42  0.1865E-83  0.1267E+04
   4.380  0.3474E-42  0.1865E-83  0.1267E+04
   4.390  0.1682E-42  0.1865E-83  0.1267E+04
   4.400  0.8118E-43  0.1865E-83  0.1267E+04
   4.410  0.3908E-43  0.1865E-83  0.1267E+04
   4.420  0.1877E-43  0.1865E-83  0.1267E+04
   4.430  0.8986E-44  0.1865E-83  0.1267E+04
   4.440  0.4291E-44  0.1865E-83  0.1267E+04
   4.450  0.2044E-44  0.1865E-83  0.1267E+04
   4.460  0.9709E-45  0.1865E-83  0.1267E+04
   4.470  0.4599E-45  0.1865E-83  0.1267E+04
   4.480  0.2173E-45  0.1865E-83  0.1267E+04
   4.490  0.1024E-45  0.1865E-83  0.1267E+04
   4.500  0.4811E-46  0.1865E-83  0.1267E+04
   4.510  0.2255E-46  0.1865E-83  0.1267E+04
   4.520  0.1054E-46  0.1865E-83  0.1267E+04
   4.530  0.4913E-47  0.1865E-83  0.1267E+04
   4.540  0.2284E-47  0.1865E-83  0.1267E+04
   4.550  0.1059E-47  0.1865E-83  0.1267E+04
   4.560  0.4896E-48  0.1865E-83  0.1267E+04
   4.570  0.2258E-48  0.1865E-83  0.1267E+04
   4.580  0.1038E-48  0.1865E-83  0.1267E+04
   4.590  0.4763E-49  0.1865E-83  0.1267E+04
   4.600  0.2179E-49  0.1865E-83  0.1267E+04
   4.610  0.9940E-50  0.1865E-83  0.1267E+04
   4.620  0.4522E-50  0.1865E-83  0.1267E+04
   4.630  0.2052E-50  0.1865E-83  0.1267E+04
   4.640  0.9287E-51  0.1865E-83  0.1267E+04
   4.650  0.4191E-51  0.1865E-83  0.1267E+04
   4.660  0.1887E-51  0.1865E-83  0.1267E+04
   4.670  0.8469E-52  0.1865E-83  0.1267E+04
   4.680  0.3792E-52  0.1865E-83  0.1267E+04
   4.690  0.1693E-52  0.1865E-83  0.1267E+04
   4.700  0.7538E-53  0.1865E-83  0.1267E+04
   4.710  0.3348E-53  0.1865E-83  0.1267E+04
   4.720  0.1483E-53  0.1865E-83  0.1267E+04
   4.730  0.6549E-54  0.1865E-83  0.1267E+04
   4.740  0.2885E-54  0.1865E-83  0.1267E+04
   4.750  0.1268E-54  0.1865E-83  0.1267E+04
   4.760  0.5554E-55  0.1865E-83  0.1267E+04
   4.770  0.2427E-55  0.1865E-83  0.1267E+04
   4.780  0.1058E-55  0.1865E-83  0.1267E+04
   4.790  0.4597E-56  0.1865E-83  0.1267E+04
   4.800  0.1993E-56  0.1865E-83  0.1267E+04
   4.810  0.8614E-57  0.1865E-83  0.1267E+04
   4.820  0.3714E-57  0.1865E-83  0.1267E+04
   4.830  0.1597E-57  0.1865E-83  0.1267E+04
   4.840  0.6847E-58  0.1865E-83  0.1267E+04
   4.850  0.2928E-58  0.1865E-83  0.1267E+04
   4.860  0.1249E-58  0.1865E-83  0.1267E+04
   4.870  0.5313E-59  0.1865E-83  0.1267E+04
   4.880  0.2254E-59  0.1865E-83  0.1267E+04
   4.890  0.9535E-60  0.1865E-83  0.1267E+04
   4.900  0.4023E-60  0.1865E-83  0.1267E+04
   4.910  0.1693E-60  0.1865E-83  0.1267E+04
   4.920  0.7105E-61  0.1865E-83  0.1267E+04
   4.930  0.2974E-61  0.1865E-83  0.1267E+04
   4.940  0.1241E-61  0.1865E-83  0.1267E+04
   4.950  0.5168E-62  0.1865E-83  0.1267E+04
   4.960  0.2146E-62  0.1865E-83  0.1267E+04
   4.970  0.8884E-63  0.1865E-83  0.1267E+04
   4.980  0.3668E-63  0.1865E-83  0.1267E+04
   4.990  0.1511E-63  0.1865E-83  0.1267E+04
   5.000  0.6205E-64  0.1865E-83  0.1267E+04
