#  E (eV)   dosup(E)     dosdw(E)   Int dos(E) EFermi =   -3.990 eV
 -15.000  0.5399E-01  0.5399E-01  0.1080E-02
 -14.990  0.6254E-01  0.6254E-01  0.2330E-02
 -14.980  0.7226E-01  0.7226E-01  0.3776E-02
 -14.970  0.8330E-01  0.8330E-01  0.5442E-02
 -14.960  0.9579E-01  0.9579E-01  0.7357E-02
 -14.950  0.1099E+00  0.1099E+00  0.9555E-02
 -14.940  0.1257E+00  0.1257E+00  0.1207E-01
 -14.930  0.1435E+00  0.1435E+00  0.1494E-01
 -14.920  0.1635E+00  0.1635E+00  0.1821E-01
 -14.910  0.1857E+00  0.1857E+00  0.2192E-01
 -14.900  0.2105E+00  0.2105E+00  0.2613E-01
 -14.890  0.2380E+00  0.2380E+00  0.3089E-01
 -14.880  0.2685E+00  0.2685E+00  0.3626E-01
 -14.870  0.3021E+00  0.3021E+00  0.4231E-01
 -14.860  0.3392E+00  0.3392E+00  0.4909E-01
 -14.850  0.3799E+00  0.3799E+00  0.5669E-01
 -14.840  0.4245E+00  0.4245E+00  0.6518E-01
 -14.830  0.4732E+00  0.4732E+00  0.7464E-01
 -14.820  0.5263E+00  0.5263E+00  0.8517E-01
 -14.810  0.5841E+00  0.5841E+00  0.9685E-01
 -14.800  0.6466E+00  0.6466E+00  0.1098E+00
 -14.790  0.7142E+00  0.7142E+00  0.1241E+00
 -14.780  0.7871E+00  0.7871E+00  0.1398E+00
 -14.770  0.8655E+00  0.8655E+00  0.1571E+00
 -14.760  0.9495E+00  0.9495E+00  0.1761E+00
 -14.750  0.1039E+01  0.1039E+01  0.1969E+00
 -14.740  0.1135E+01  0.1135E+01  0.2196E+00
 -14.730  0.1237E+01  0.1237E+01  0.2443E+00
 -14.720  0.1345E+01  0.1345E+01  0.2712E+00
 -14.710  0.1460E+01  0.1460E+01  0.3004E+00
 -14.700  0.1580E+01  0.1580E+01  0.3320E+00
 -14.690  0.1707E+01  0.1707E+01  0.3662E+00
 -14.680  0.1841E+01  0.1841E+01  0.4030E+00
 -14.670  0.1980E+01  0.1980E+01  0.4426E+00
 -14.660  0.2126E+01  0.2126E+01  0.4851E+00
 -14.650  0.2277E+01  0.2277E+01  0.5307E+00
 -14.640  0.2435E+01  0.2435E+01  0.5793E+00
 -14.630  0.2598E+01  0.2598E+01  0.6313E+00
 -14.620  0.2766E+01  0.2766E+01  0.6866E+00
 -14.610  0.2940E+01  0.2940E+01  0.7454E+00
 -14.600  0.3118E+01  0.3118E+01  0.8078E+00
 -14.590  0.3301E+01  0.3301E+01  0.8738E+00
 -14.580  0.3488E+01  0.3488E+01  0.9436E+00
 -14.570  0.3678E+01  0.3678E+01  0.1017E+01
 -14.560  0.3872E+01  0.3872E+01  0.1095E+01
 -14.550  0.4069E+01  0.4069E+01  0.1176E+01
 -14.540  0.4268E+01  0.4268E+01  0.1261E+01
 -14.530  0.4469E+01  0.4469E+01  0.1351E+01
 -14.520  0.4671E+01  0.4671E+01  0.1444E+01
 -14.510  0.4874E+01  0.4874E+01  0.1542E+01
 -14.500  0.5078E+01  0.5078E+01  0.1643E+01
 -14.490  0.5281E+01  0.5281E+01  0.1749E+01
 -14.480  0.5484E+01  0.5484E+01  0.1858E+01
 -14.470  0.5686E+01  0.5686E+01  0.1972E+01
 -14.460  0.5886E+01  0.5886E+01  0.2090E+01
 -14.450  0.6084E+01  0.6084E+01  0.2212E+01
 -14.440  0.6280E+01  0.6280E+01  0.2337E+01
 -14.430  0.6472E+01  0.6472E+01  0.2467E+01
 -14.420  0.6662E+01  0.6662E+01  0.2600E+01
 -14.410  0.6848E+01  0.6848E+01  0.2737E+01
 -14.400  0.7030E+01  0.7030E+01  0.2877E+01
 -14.390  0.7207E+01  0.7207E+01  0.3022E+01
 -14.380  0.7381E+01  0.7381E+01  0.3169E+01
 -14.370  0.7549E+01  0.7549E+01  0.3320E+01
 -14.360  0.7712E+01  0.7712E+01  0.3474E+01
 -14.350  0.7871E+01  0.7871E+01  0.3632E+01
 -14.340  0.8023E+01  0.8023E+01  0.3792E+01
 -14.330  0.8171E+01  0.8171E+01  0.3956E+01
 -14.320  0.8313E+01  0.8313E+01  0.4122E+01
 -14.310  0.8449E+01  0.8449E+01  0.4291E+01
 -14.300  0.8580E+01  0.8580E+01  0.4463E+01
 -14.290  0.8706E+01  0.8706E+01  0.4637E+01
 -14.280  0.8826E+01  0.8826E+01  0.4813E+01
 -14.270  0.8940E+01  0.8940E+01  0.4992E+01
 -14.260  0.9049E+01  0.9049E+01  0.5173E+01
 -14.250  0.9154E+01  0.9154E+01  0.5356E+01
 -14.240  0.9253E+01  0.9253E+01  0.5541E+01
 -14.230  0.9347E+01  0.9347E+01  0.5728E+01
 -14.220  0.9437E+01  0.9437E+01  0.5917E+01
 -14.210  0.9523E+01  0.9523E+01  0.6107E+01
 -14.200  0.9604E+01  0.9604E+01  0.6299E+01
 -14.190  0.9682E+01  0.9682E+01  0.6493E+01
 -14.180  0.9756E+01  0.9756E+01  0.6688E+01
 -14.170  0.9827E+01  0.9827E+01  0.6885E+01
 -14.160  0.9895E+01  0.9895E+01  0.7083E+01
 -14.150  0.9961E+01  0.9961E+01  0.7282E+01
 -14.140  0.1002E+02  0.1002E+02  0.7482E+01
 -14.130  0.1009E+02  0.1009E+02  0.7684E+01
 -14.120  0.1015E+02  0.1015E+02  0.7887E+01
 -14.110  0.1020E+02  0.1020E+02  0.8091E+01
 -14.100  0.1026E+02  0.1026E+02  0.8296E+01
 -14.090  0.1032E+02  0.1032E+02  0.8503E+01
 -14.080  0.1038E+02  0.1038E+02  0.8710E+01
 -14.070  0.1043E+02  0.1043E+02  0.8919E+01
 -14.060  0.1049E+02  0.1049E+02  0.9129E+01
 -14.050  0.1055E+02  0.1055E+02  0.9339E+01
 -14.040  0.1060E+02  0.1060E+02  0.9552E+01
 -14.030  0.1066E+02  0.1066E+02  0.9765E+01
 -14.020  0.1072E+02  0.1072E+02  0.9979E+01
 -14.010  0.1078E+02  0.1078E+02  0.1019E+02
 -14.000  0.1084E+02  0.1084E+02  0.1041E+02
 -13.990  0.1091E+02  0.1091E+02  0.1063E+02
 -13.980  0.1097E+02  0.1097E+02  0.1085E+02
 -13.970  0.1104E+02  0.1104E+02  0.1107E+02
 -13.960  0.1110E+02  0.1110E+02  0.1129E+02
 -13.950  0.1117E+02  0.1117E+02  0.1152E+02
 -13.940  0.1124E+02  0.1124E+02  0.1174E+02
 -13.930  0.1131E+02  0.1131E+02  0.1197E+02
 -13.920  0.1138E+02  0.1138E+02  0.1219E+02
 -13.910  0.1145E+02  0.1145E+02  0.1242E+02
 -13.900  0.1152E+02  0.1152E+02  0.1265E+02
 -13.890  0.1160E+02  0.1160E+02  0.1289E+02
 -13.880  0.1167E+02  0.1167E+02  0.1312E+02
 -13.870  0.1174E+02  0.1174E+02  0.1335E+02
 -13.860  0.1181E+02  0.1181E+02  0.1359E+02
 -13.850  0.1188E+02  0.1188E+02  0.1383E+02
 -13.840  0.1194E+02  0.1194E+02  0.1407E+02
 -13.830  0.1201E+02  0.1201E+02  0.1431E+02
 -13.820  0.1207E+02  0.1207E+02  0.1455E+02
 -13.810  0.1213E+02  0.1213E+02  0.1479E+02
 -13.800  0.1219E+02  0.1219E+02  0.1503E+02
 -13.790  0.1224E+02  0.1224E+02  0.1528E+02
 -13.780  0.1229E+02  0.1229E+02  0.1552E+02
 -13.770  0.1234E+02  0.1234E+02  0.1577E+02
 -13.760  0.1238E+02  0.1238E+02  0.1602E+02
 -13.750  0.1241E+02  0.1241E+02  0.1627E+02
 -13.740  0.1245E+02  0.1245E+02  0.1652E+02
 -13.730  0.1247E+02  0.1247E+02  0.1677E+02
 -13.720  0.1249E+02  0.1249E+02  0.1702E+02
 -13.710  0.1251E+02  0.1251E+02  0.1727E+02
 -13.700  0.1252E+02  0.1252E+02  0.1752E+02
 -13.690  0.1252E+02  0.1252E+02  0.1777E+02
 -13.680  0.1252E+02  0.1252E+02  0.1802E+02
 -13.670  0.1251E+02  0.1251E+02  0.1827E+02
 -13.660  0.1249E+02  0.1249E+02  0.1852E+02
 -13.650  0.1247E+02  0.1247E+02  0.1877E+02
 -13.640  0.1243E+02  0.1243E+02  0.1901E+02
 -13.630  0.1240E+02  0.1240E+02  0.1926E+02
 -13.620  0.1235E+02  0.1235E+02  0.1951E+02
 -13.610  0.1230E+02  0.1230E+02  0.1976E+02
 -13.600  0.1224E+02  0.1224E+02  0.2000E+02
 -13.590  0.1218E+02  0.1218E+02  0.2024E+02
 -13.580  0.1211E+02  0.1211E+02  0.2049E+02
 -13.570  0.1203E+02  0.1203E+02  0.2073E+02
 -13.560  0.1194E+02  0.1194E+02  0.2097E+02
 -13.550  0.1185E+02  0.1185E+02  0.2120E+02
 -13.540  0.1176E+02  0.1176E+02  0.2144E+02
 -13.530  0.1166E+02  0.1166E+02  0.2167E+02
 -13.520  0.1155E+02  0.1155E+02  0.2190E+02
 -13.510  0.1143E+02  0.1143E+02  0.2213E+02
 -13.500  0.1132E+02  0.1132E+02  0.2236E+02
 -13.490  0.1119E+02  0.1119E+02  0.2258E+02
 -13.480  0.1107E+02  0.1107E+02  0.2280E+02
 -13.470  0.1094E+02  0.1094E+02  0.2302E+02
 -13.460  0.1080E+02  0.1080E+02  0.2324E+02
 -13.450  0.1067E+02  0.1067E+02  0.2345E+02
 -13.440  0.1053E+02  0.1053E+02  0.2366E+02
 -13.430  0.1039E+02  0.1039E+02  0.2387E+02
 -13.420  0.1024E+02  0.1024E+02  0.2407E+02
 -13.410  0.1010E+02  0.1010E+02  0.2428E+02
 -13.400  0.9952E+01  0.9952E+01  0.2447E+02
 -13.390  0.9806E+01  0.9806E+01  0.2467E+02
 -13.380  0.9659E+01  0.9659E+01  0.2486E+02
 -13.370  0.9513E+01  0.9513E+01  0.2505E+02
 -13.360  0.9368E+01  0.9368E+01  0.2524E+02
 -13.350  0.9223E+01  0.9223E+01  0.2543E+02
 -13.340  0.9081E+01  0.9081E+01  0.2561E+02
 -13.330  0.8940E+01  0.8940E+01  0.2579E+02
 -13.320  0.8802E+01  0.8802E+01  0.2596E+02
 -13.310  0.8666E+01  0.8666E+01  0.2614E+02
 -13.300  0.8533E+01  0.8533E+01  0.2631E+02
 -13.290  0.8404E+01  0.8404E+01  0.2647E+02
 -13.280  0.8279E+01  0.8279E+01  0.2664E+02
 -13.270  0.8158E+01  0.8158E+01  0.2680E+02
 -13.260  0.8041E+01  0.8041E+01  0.2696E+02
 -13.250  0.7929E+01  0.7929E+01  0.2712E+02
 -13.240  0.7822E+01  0.7822E+01  0.2728E+02
 -13.230  0.7720E+01  0.7720E+01  0.2743E+02
 -13.220  0.7623E+01  0.7623E+01  0.2759E+02
 -13.210  0.7531E+01  0.7531E+01  0.2774E+02
 -13.200  0.7444E+01  0.7444E+01  0.2789E+02
 -13.190  0.7364E+01  0.7364E+01  0.2803E+02
 -13.180  0.7288E+01  0.7288E+01  0.2818E+02
 -13.170  0.7219E+01  0.7219E+01  0.2832E+02
 -13.160  0.7154E+01  0.7154E+01  0.2847E+02
 -13.150  0.7095E+01  0.7095E+01  0.2861E+02
 -13.140  0.7041E+01  0.7041E+01  0.2875E+02
 -13.130  0.6993E+01  0.6993E+01  0.2889E+02
 -13.120  0.6949E+01  0.6949E+01  0.2903E+02
 -13.110  0.6910E+01  0.6910E+01  0.2917E+02
 -13.100  0.6875E+01  0.6875E+01  0.2930E+02
 -13.090  0.6845E+01  0.6845E+01  0.2944E+02
 -13.080  0.6818E+01  0.6818E+01  0.2958E+02
 -13.070  0.6795E+01  0.6795E+01  0.2971E+02
 -13.060  0.6776E+01  0.6776E+01  0.2985E+02
 -13.050  0.6759E+01  0.6759E+01  0.2998E+02
 -13.040  0.6745E+01  0.6745E+01  0.3012E+02
 -13.030  0.6733E+01  0.6733E+01  0.3025E+02
 -13.020  0.6724E+01  0.6724E+01  0.3039E+02
 -13.010  0.6716E+01  0.6716E+01  0.3052E+02
 -13.000  0.6709E+01  0.6709E+01  0.3066E+02
 -12.990  0.6704E+01  0.6704E+01  0.3079E+02
 -12.980  0.6699E+01  0.6699E+01  0.3092E+02
 -12.970  0.6695E+01  0.6695E+01  0.3106E+02
 -12.960  0.6692E+01  0.6692E+01  0.3119E+02
 -12.950  0.6689E+01  0.6689E+01  0.3133E+02
 -12.940  0.6686E+01  0.6686E+01  0.3146E+02
 -12.930  0.6683E+01  0.6683E+01  0.3159E+02
 -12.920  0.6680E+01  0.6680E+01  0.3173E+02
 -12.910  0.6677E+01  0.6677E+01  0.3186E+02
 -12.900  0.6674E+01  0.6674E+01  0.3199E+02
 -12.890  0.6670E+01  0.6670E+01  0.3213E+02
 -12.880  0.6667E+01  0.6667E+01  0.3226E+02
 -12.870  0.6664E+01  0.6664E+01  0.3239E+02
 -12.860  0.6662E+01  0.6662E+01  0.3253E+02
 -12.850  0.6659E+01  0.6659E+01  0.3266E+02
 -12.840  0.6658E+01  0.6658E+01  0.3279E+02
 -12.830  0.6657E+01  0.6657E+01  0.3293E+02
 -12.820  0.6657E+01  0.6657E+01  0.3306E+02
 -12.810  0.6658E+01  0.6658E+01  0.3319E+02
 -12.800  0.6660E+01  0.6660E+01  0.3333E+02
 -12.790  0.6664E+01  0.6664E+01  0.3346E+02
 -12.780  0.6669E+01  0.6669E+01  0.3359E+02
 -12.770  0.6676E+01  0.6676E+01  0.3373E+02
 -12.760  0.6685E+01  0.6685E+01  0.3386E+02
 -12.750  0.6697E+01  0.6697E+01  0.3399E+02
 -12.740  0.6710E+01  0.6710E+01  0.3413E+02
 -12.730  0.6726E+01  0.6726E+01  0.3426E+02
 -12.720  0.6743E+01  0.6743E+01  0.3440E+02
 -12.710  0.6763E+01  0.6763E+01  0.3453E+02
 -12.700  0.6786E+01  0.6786E+01  0.3467E+02
 -12.690  0.6810E+01  0.6810E+01  0.3480E+02
 -12.680  0.6836E+01  0.6836E+01  0.3494E+02
 -12.670  0.6864E+01  0.6864E+01  0.3508E+02
 -12.660  0.6893E+01  0.6893E+01  0.3522E+02
 -12.650  0.6924E+01  0.6924E+01  0.3535E+02
 -12.640  0.6955E+01  0.6955E+01  0.3549E+02
 -12.630  0.6988E+01  0.6988E+01  0.3563E+02
 -12.620  0.7020E+01  0.7020E+01  0.3577E+02
 -12.610  0.7053E+01  0.7053E+01  0.3591E+02
 -12.600  0.7085E+01  0.7085E+01  0.3606E+02
 -12.590  0.7116E+01  0.7116E+01  0.3620E+02
 -12.580  0.7146E+01  0.7146E+01  0.3634E+02
 -12.570  0.7175E+01  0.7175E+01  0.3649E+02
 -12.560  0.7201E+01  0.7201E+01  0.3663E+02
 -12.550  0.7226E+01  0.7226E+01  0.3677E+02
 -12.540  0.7247E+01  0.7247E+01  0.3692E+02
 -12.530  0.7266E+01  0.7266E+01  0.3706E+02
 -12.520  0.7282E+01  0.7282E+01  0.3721E+02
 -12.510  0.7294E+01  0.7294E+01  0.3736E+02
 -12.500  0.7302E+01  0.7302E+01  0.3750E+02
 -12.490  0.7307E+01  0.7307E+01  0.3765E+02
 -12.480  0.7308E+01  0.7308E+01  0.3779E+02
 -12.470  0.7305E+01  0.7305E+01  0.3794E+02
 -12.460  0.7299E+01  0.7299E+01  0.3809E+02
 -12.450  0.7288E+01  0.7288E+01  0.3823E+02
 -12.440  0.7275E+01  0.7275E+01  0.3838E+02
 -12.430  0.7258E+01  0.7258E+01  0.3852E+02
 -12.420  0.7239E+01  0.7239E+01  0.3867E+02
 -12.410  0.7217E+01  0.7217E+01  0.3881E+02
 -12.400  0.7192E+01  0.7192E+01  0.3896E+02
 -12.390  0.7166E+01  0.7166E+01  0.3910E+02
 -12.380  0.7139E+01  0.7139E+01  0.3924E+02
 -12.370  0.7111E+01  0.7111E+01  0.3938E+02
 -12.360  0.7082E+01  0.7082E+01  0.3953E+02
 -12.350  0.7054E+01  0.7054E+01  0.3967E+02
 -12.340  0.7027E+01  0.7027E+01  0.3981E+02
 -12.330  0.7001E+01  0.7001E+01  0.3995E+02
 -12.320  0.6977E+01  0.6977E+01  0.4009E+02
 -12.310  0.6955E+01  0.6955E+01  0.4023E+02
 -12.300  0.6935E+01  0.6935E+01  0.4036E+02
 -12.290  0.6919E+01  0.6919E+01  0.4050E+02
 -12.280  0.6907E+01  0.6907E+01  0.4064E+02
 -12.270  0.6898E+01  0.6898E+01  0.4078E+02
 -12.260  0.6893E+01  0.6893E+01  0.4092E+02
 -12.250  0.6892E+01  0.6892E+01  0.4105E+02
 -12.240  0.6896E+01  0.6896E+01  0.4119E+02
 -12.230  0.6905E+01  0.6905E+01  0.4133E+02
 -12.220  0.6917E+01  0.6917E+01  0.4147E+02
 -12.210  0.6935E+01  0.6935E+01  0.4161E+02
 -12.200  0.6956E+01  0.6956E+01  0.4175E+02
 -12.190  0.6981E+01  0.6981E+01  0.4189E+02
 -12.180  0.7011E+01  0.7011E+01  0.4203E+02
 -12.170  0.7044E+01  0.7044E+01  0.4217E+02
 -12.160  0.7079E+01  0.7079E+01  0.4231E+02
 -12.150  0.7118E+01  0.7118E+01  0.4245E+02
 -12.140  0.7159E+01  0.7159E+01  0.4259E+02
 -12.130  0.7202E+01  0.7202E+01  0.4274E+02
 -12.120  0.7246E+01  0.7246E+01  0.4288E+02
 -12.110  0.7291E+01  0.7291E+01  0.4303E+02
 -12.100  0.7337E+01  0.7337E+01  0.4318E+02
 -12.090  0.7382E+01  0.7382E+01  0.4332E+02
 -12.080  0.7427E+01  0.7427E+01  0.4347E+02
 -12.070  0.7470E+01  0.7470E+01  0.4362E+02
 -12.060  0.7512E+01  0.7512E+01  0.4377E+02
 -12.050  0.7553E+01  0.7553E+01  0.4392E+02
 -12.040  0.7590E+01  0.7590E+01  0.4407E+02
 -12.030  0.7626E+01  0.7626E+01  0.4423E+02
 -12.020  0.7658E+01  0.7658E+01  0.4438E+02
 -12.010  0.7687E+01  0.7687E+01  0.4453E+02
 -12.000  0.7712E+01  0.7712E+01  0.4469E+02
 -11.990  0.7734E+01  0.7734E+01  0.4484E+02
 -11.980  0.7752E+01  0.7752E+01  0.4500E+02
 -11.970  0.7766E+01  0.7766E+01  0.4515E+02
 -11.960  0.7776E+01  0.7776E+01  0.4531E+02
 -11.950  0.7783E+01  0.7783E+01  0.4546E+02
 -11.940  0.7786E+01  0.7786E+01  0.4562E+02
 -11.930  0.7786E+01  0.7786E+01  0.4578E+02
 -11.920  0.7782E+01  0.7782E+01  0.4593E+02
 -11.910  0.7775E+01  0.7775E+01  0.4609E+02
 -11.900  0.7765E+01  0.7765E+01  0.4624E+02
 -11.890  0.7752E+01  0.7752E+01  0.4640E+02
 -11.880  0.7737E+01  0.7737E+01  0.4655E+02
 -11.870  0.7720E+01  0.7720E+01  0.4671E+02
 -11.860  0.7701E+01  0.7701E+01  0.4686E+02
 -11.850  0.7682E+01  0.7682E+01  0.4701E+02
 -11.840  0.7661E+01  0.7661E+01  0.4717E+02
 -11.830  0.7639E+01  0.7639E+01  0.4732E+02
 -11.820  0.7618E+01  0.7618E+01  0.4747E+02
 -11.810  0.7596E+01  0.7596E+01  0.4762E+02
 -11.800  0.7575E+01  0.7575E+01  0.4778E+02
 -11.790  0.7555E+01  0.7555E+01  0.4793E+02
 -11.780  0.7536E+01  0.7536E+01  0.4808E+02
 -11.770  0.7518E+01  0.7518E+01  0.4823E+02
 -11.760  0.7502E+01  0.7502E+01  0.4838E+02
 -11.750  0.7488E+01  0.7488E+01  0.4853E+02
 -11.740  0.7476E+01  0.7476E+01  0.4868E+02
 -11.730  0.7466E+01  0.7466E+01  0.4883E+02
 -11.720  0.7459E+01  0.7459E+01  0.4898E+02
 -11.710  0.7455E+01  0.7455E+01  0.4913E+02
 -11.700  0.7453E+01  0.7453E+01  0.4927E+02
 -11.690  0.7454E+01  0.7454E+01  0.4942E+02
 -11.680  0.7457E+01  0.7457E+01  0.4957E+02
 -11.670  0.7463E+01  0.7463E+01  0.4972E+02
 -11.660  0.7472E+01  0.7472E+01  0.4987E+02
 -11.650  0.7484E+01  0.7484E+01  0.5002E+02
 -11.640  0.7498E+01  0.7498E+01  0.5017E+02
 -11.630  0.7515E+01  0.7515E+01  0.5032E+02
 -11.620  0.7534E+01  0.7534E+01  0.5047E+02
 -11.610  0.7555E+01  0.7555E+01  0.5062E+02
 -11.600  0.7578E+01  0.7578E+01  0.5077E+02
 -11.590  0.7603E+01  0.7603E+01  0.5093E+02
 -11.580  0.7629E+01  0.7629E+01  0.5108E+02
 -11.570  0.7657E+01  0.7657E+01  0.5123E+02
 -11.560  0.7686E+01  0.7686E+01  0.5139E+02
 -11.550  0.7716E+01  0.7716E+01  0.5154E+02
 -11.540  0.7747E+01  0.7747E+01  0.5170E+02
 -11.530  0.7778E+01  0.7778E+01  0.5185E+02
 -11.520  0.7810E+01  0.7810E+01  0.5201E+02
 -11.510  0.7842E+01  0.7842E+01  0.5216E+02
 -11.500  0.7874E+01  0.7874E+01  0.5232E+02
 -11.490  0.7906E+01  0.7906E+01  0.5248E+02
 -11.480  0.7938E+01  0.7938E+01  0.5264E+02
 -11.470  0.7969E+01  0.7969E+01  0.5280E+02
 -11.460  0.8000E+01  0.8000E+01  0.5296E+02
 -11.450  0.8030E+01  0.8030E+01  0.5312E+02
 -11.440  0.8059E+01  0.8059E+01  0.5328E+02
 -11.430  0.8088E+01  0.8088E+01  0.5344E+02
 -11.420  0.8116E+01  0.8116E+01  0.5360E+02
 -11.410  0.8142E+01  0.8142E+01  0.5377E+02
 -11.400  0.8168E+01  0.8168E+01  0.5393E+02
 -11.390  0.8193E+01  0.8193E+01  0.5409E+02
 -11.380  0.8217E+01  0.8217E+01  0.5426E+02
 -11.370  0.8240E+01  0.8240E+01  0.5442E+02
 -11.360  0.8262E+01  0.8262E+01  0.5459E+02
 -11.350  0.8283E+01  0.8283E+01  0.5475E+02
 -11.340  0.8304E+01  0.8304E+01  0.5492E+02
 -11.330  0.8323E+01  0.8323E+01  0.5509E+02
 -11.320  0.8342E+01  0.8342E+01  0.5525E+02
 -11.310  0.8360E+01  0.8360E+01  0.5542E+02
 -11.300  0.8377E+01  0.8377E+01  0.5559E+02
 -11.290  0.8394E+01  0.8394E+01  0.5576E+02
 -11.280  0.8410E+01  0.8410E+01  0.5592E+02
 -11.270  0.8427E+01  0.8427E+01  0.5609E+02
 -11.260  0.8443E+01  0.8443E+01  0.5626E+02
 -11.250  0.8459E+01  0.8459E+01  0.5643E+02
 -11.240  0.8475E+01  0.8475E+01  0.5660E+02
 -11.230  0.8491E+01  0.8491E+01  0.5677E+02
 -11.220  0.8508E+01  0.8508E+01  0.5694E+02
 -11.210  0.8525E+01  0.8525E+01  0.5711E+02
 -11.200  0.8543E+01  0.8543E+01  0.5728E+02
 -11.190  0.8562E+01  0.8562E+01  0.5745E+02
 -11.180  0.8582E+01  0.8582E+01  0.5762E+02
 -11.170  0.8603E+01  0.8603E+01  0.5780E+02
 -11.160  0.8626E+01  0.8626E+01  0.5797E+02
 -11.150  0.8651E+01  0.8651E+01  0.5814E+02
 -11.140  0.8677E+01  0.8677E+01  0.5832E+02
 -11.130  0.8705E+01  0.8705E+01  0.5849E+02
 -11.120  0.8736E+01  0.8736E+01  0.5866E+02
 -11.110  0.8769E+01  0.8769E+01  0.5884E+02
 -11.100  0.8805E+01  0.8805E+01  0.5902E+02
 -11.090  0.8843E+01  0.8843E+01  0.5919E+02
 -11.080  0.8885E+01  0.8885E+01  0.5937E+02
 -11.070  0.8929E+01  0.8929E+01  0.5955E+02
 -11.060  0.8977E+01  0.8977E+01  0.5973E+02
 -11.050  0.9027E+01  0.9027E+01  0.5991E+02
 -11.040  0.9081E+01  0.9081E+01  0.6009E+02
 -11.030  0.9139E+01  0.9139E+01  0.6027E+02
 -11.020  0.9199E+01  0.9199E+01  0.6046E+02
 -11.010  0.9264E+01  0.9264E+01  0.6064E+02
 -11.000  0.9331E+01  0.9331E+01  0.6083E+02
 -10.990  0.9402E+01  0.9402E+01  0.6102E+02
 -10.980  0.9476E+01  0.9476E+01  0.6121E+02
 -10.970  0.9554E+01  0.9554E+01  0.6140E+02
 -10.960  0.9635E+01  0.9635E+01  0.6159E+02
 -10.950  0.9718E+01  0.9718E+01  0.6178E+02
 -10.940  0.9805E+01  0.9805E+01  0.6198E+02
 -10.930  0.9895E+01  0.9895E+01  0.6218E+02
 -10.920  0.9987E+01  0.9987E+01  0.6238E+02
 -10.910  0.1008E+02  0.1008E+02  0.6258E+02
 -10.900  0.1018E+02  0.1018E+02  0.6278E+02
 -10.890  0.1028E+02  0.1028E+02  0.6299E+02
 -10.880  0.1038E+02  0.1038E+02  0.6320E+02
 -10.870  0.1049E+02  0.1049E+02  0.6341E+02
 -10.860  0.1059E+02  0.1059E+02  0.6362E+02
 -10.850  0.1070E+02  0.1070E+02  0.6383E+02
 -10.840  0.1081E+02  0.1081E+02  0.6405E+02
 -10.830  0.1092E+02  0.1092E+02  0.6427E+02
 -10.820  0.1103E+02  0.1103E+02  0.6449E+02
 -10.810  0.1115E+02  0.1115E+02  0.6471E+02
 -10.800  0.1126E+02  0.1126E+02  0.6494E+02
 -10.790  0.1138E+02  0.1138E+02  0.6516E+02
 -10.780  0.1150E+02  0.1150E+02  0.6539E+02
 -10.770  0.1162E+02  0.1162E+02  0.6563E+02
 -10.760  0.1174E+02  0.1174E+02  0.6586E+02
 -10.750  0.1186E+02  0.1186E+02  0.6610E+02
 -10.740  0.1199E+02  0.1199E+02  0.6634E+02
 -10.730  0.1211E+02  0.1211E+02  0.6658E+02
 -10.720  0.1224E+02  0.1224E+02  0.6682E+02
 -10.710  0.1236E+02  0.1236E+02  0.6707E+02
 -10.700  0.1249E+02  0.1249E+02  0.6732E+02
 -10.690  0.1262E+02  0.1262E+02  0.6757E+02
 -10.680  0.1275E+02  0.1275E+02  0.6783E+02
 -10.670  0.1288E+02  0.1288E+02  0.6809E+02
 -10.660  0.1301E+02  0.1301E+02  0.6835E+02
 -10.650  0.1314E+02  0.1314E+02  0.6861E+02
 -10.640  0.1327E+02  0.1327E+02  0.6888E+02
 -10.630  0.1340E+02  0.1340E+02  0.6914E+02
 -10.620  0.1353E+02  0.1353E+02  0.6941E+02
 -10.610  0.1366E+02  0.1366E+02  0.6969E+02
 -10.600  0.1379E+02  0.1379E+02  0.6996E+02
 -10.590  0.1392E+02  0.1392E+02  0.7024E+02
 -10.580  0.1405E+02  0.1405E+02  0.7052E+02
 -10.570  0.1418E+02  0.1418E+02  0.7081E+02
 -10.560  0.1430E+02  0.1430E+02  0.7109E+02
 -10.550  0.1442E+02  0.1442E+02  0.7138E+02
 -10.540  0.1454E+02  0.1454E+02  0.7167E+02
 -10.530  0.1466E+02  0.1466E+02  0.7196E+02
 -10.520  0.1477E+02  0.1477E+02  0.7226E+02
 -10.510  0.1488E+02  0.1488E+02  0.7256E+02
 -10.500  0.1498E+02  0.1498E+02  0.7286E+02
 -10.490  0.1509E+02  0.1509E+02  0.7316E+02
 -10.480  0.1518E+02  0.1518E+02  0.7346E+02
 -10.470  0.1528E+02  0.1528E+02  0.7377E+02
 -10.460  0.1537E+02  0.1537E+02  0.7408E+02
 -10.450  0.1545E+02  0.1545E+02  0.7438E+02
 -10.440  0.1554E+02  0.1554E+02  0.7470E+02
 -10.430  0.1561E+02  0.1561E+02  0.7501E+02
 -10.420  0.1569E+02  0.1569E+02  0.7532E+02
 -10.410  0.1575E+02  0.1575E+02  0.7564E+02
 -10.400  0.1582E+02  0.1582E+02  0.7595E+02
 -10.390  0.1588E+02  0.1588E+02  0.7627E+02
 -10.380  0.1594E+02  0.1594E+02  0.7659E+02
 -10.370  0.1600E+02  0.1600E+02  0.7691E+02
 -10.360  0.1605E+02  0.1605E+02  0.7723E+02
 -10.350  0.1611E+02  0.1611E+02  0.7755E+02
 -10.340  0.1616E+02  0.1616E+02  0.7788E+02
 -10.330  0.1621E+02  0.1621E+02  0.7820E+02
 -10.320  0.1626E+02  0.1626E+02  0.7852E+02
 -10.310  0.1631E+02  0.1631E+02  0.7885E+02
 -10.300  0.1636E+02  0.1636E+02  0.7918E+02
 -10.290  0.1641E+02  0.1641E+02  0.7951E+02
 -10.280  0.1647E+02  0.1647E+02  0.7984E+02
 -10.270  0.1653E+02  0.1653E+02  0.8017E+02
 -10.260  0.1659E+02  0.1659E+02  0.8050E+02
 -10.250  0.1665E+02  0.1665E+02  0.8083E+02
 -10.240  0.1671E+02  0.1671E+02  0.8117E+02
 -10.230  0.1678E+02  0.1678E+02  0.8150E+02
 -10.220  0.1686E+02  0.1686E+02  0.8184E+02
 -10.210  0.1693E+02  0.1693E+02  0.8218E+02
 -10.200  0.1701E+02  0.1701E+02  0.8252E+02
 -10.190  0.1710E+02  0.1710E+02  0.8286E+02
 -10.180  0.1719E+02  0.1719E+02  0.8320E+02
 -10.170  0.1728E+02  0.1728E+02  0.8355E+02
 -10.160  0.1738E+02  0.1738E+02  0.8390E+02
 -10.150  0.1748E+02  0.1748E+02  0.8425E+02
 -10.140  0.1758E+02  0.1758E+02  0.8460E+02
 -10.130  0.1768E+02  0.1768E+02  0.8495E+02
 -10.120  0.1779E+02  0.1779E+02  0.8531E+02
 -10.110  0.1790E+02  0.1790E+02  0.8566E+02
 -10.100  0.1800E+02  0.1800E+02  0.8602E+02
 -10.090  0.1811E+02  0.1811E+02  0.8639E+02
 -10.080  0.1822E+02  0.1822E+02  0.8675E+02
 -10.070  0.1832E+02  0.1832E+02  0.8712E+02
 -10.060  0.1843E+02  0.1843E+02  0.8749E+02
 -10.050  0.1853E+02  0.1853E+02  0.8786E+02
 -10.040  0.1863E+02  0.1863E+02  0.8823E+02
 -10.030  0.1872E+02  0.1872E+02  0.8860E+02
 -10.020  0.1881E+02  0.1881E+02  0.8898E+02
 -10.010  0.1889E+02  0.1889E+02  0.8936E+02
 -10.000  0.1897E+02  0.1897E+02  0.8974E+02
  -9.990  0.1903E+02  0.1903E+02  0.9012E+02
  -9.980  0.1910E+02  0.1910E+02  0.9050E+02
  -9.970  0.1915E+02  0.1915E+02  0.9088E+02
  -9.960  0.1920E+02  0.1920E+02  0.9127E+02
  -9.950  0.1924E+02  0.1924E+02  0.9165E+02
  -9.940  0.1926E+02  0.1926E+02  0.9204E+02
  -9.930  0.1928E+02  0.1928E+02  0.9242E+02
  -9.920  0.1929E+02  0.1929E+02  0.9281E+02
  -9.910  0.1930E+02  0.1930E+02  0.9319E+02
  -9.900  0.1929E+02  0.1929E+02  0.9358E+02
  -9.890  0.1927E+02  0.1927E+02  0.9396E+02
  -9.880  0.1925E+02  0.1925E+02  0.9435E+02
  -9.870  0.1921E+02  0.1921E+02  0.9473E+02
  -9.860  0.1917E+02  0.1917E+02  0.9512E+02
  -9.850  0.1912E+02  0.1912E+02  0.9550E+02
  -9.840  0.1906E+02  0.1906E+02  0.9588E+02
  -9.830  0.1900E+02  0.1900E+02  0.9626E+02
  -9.820  0.1893E+02  0.1893E+02  0.9664E+02
  -9.810  0.1885E+02  0.1885E+02  0.9702E+02
  -9.800  0.1877E+02  0.1877E+02  0.9739E+02
  -9.790  0.1868E+02  0.1868E+02  0.9777E+02
  -9.780  0.1859E+02  0.1859E+02  0.9814E+02
  -9.770  0.1849E+02  0.1849E+02  0.9851E+02
  -9.760  0.1839E+02  0.1839E+02  0.9887E+02
  -9.750  0.1829E+02  0.1829E+02  0.9924E+02
  -9.740  0.1818E+02  0.1818E+02  0.9960E+02
  -9.730  0.1808E+02  0.1808E+02  0.9997E+02
  -9.720  0.1797E+02  0.1797E+02  0.1003E+03
  -9.710  0.1786E+02  0.1786E+02  0.1007E+03
  -9.700  0.1775E+02  0.1775E+02  0.1010E+03
  -9.690  0.1764E+02  0.1764E+02  0.1014E+03
  -9.680  0.1753E+02  0.1753E+02  0.1017E+03
  -9.670  0.1742E+02  0.1742E+02  0.1021E+03
  -9.660  0.1731E+02  0.1731E+02  0.1024E+03
  -9.650  0.1720E+02  0.1720E+02  0.1028E+03
  -9.640  0.1709E+02  0.1709E+02  0.1031E+03
  -9.630  0.1698E+02  0.1698E+02  0.1035E+03
  -9.620  0.1687E+02  0.1687E+02  0.1038E+03
  -9.610  0.1676E+02  0.1676E+02  0.1041E+03
  -9.600  0.1665E+02  0.1665E+02  0.1045E+03
  -9.590  0.1654E+02  0.1654E+02  0.1048E+03
  -9.580  0.1643E+02  0.1643E+02  0.1051E+03
  -9.570  0.1632E+02  0.1632E+02  0.1055E+03
  -9.560  0.1621E+02  0.1621E+02  0.1058E+03
  -9.550  0.1610E+02  0.1610E+02  0.1061E+03
  -9.540  0.1598E+02  0.1598E+02  0.1064E+03
  -9.530  0.1587E+02  0.1587E+02  0.1067E+03
  -9.520  0.1576E+02  0.1576E+02  0.1070E+03
  -9.510  0.1565E+02  0.1565E+02  0.1074E+03
  -9.500  0.1553E+02  0.1553E+02  0.1077E+03
  -9.490  0.1542E+02  0.1542E+02  0.1080E+03
  -9.480  0.1530E+02  0.1530E+02  0.1083E+03
  -9.470  0.1518E+02  0.1518E+02  0.1086E+03
  -9.460  0.1507E+02  0.1507E+02  0.1089E+03
  -9.450  0.1496E+02  0.1496E+02  0.1092E+03
  -9.440  0.1484E+02  0.1484E+02  0.1095E+03
  -9.430  0.1473E+02  0.1473E+02  0.1098E+03
  -9.420  0.1462E+02  0.1462E+02  0.1101E+03
  -9.410  0.1451E+02  0.1451E+02  0.1104E+03
  -9.400  0.1441E+02  0.1441E+02  0.1107E+03
  -9.390  0.1431E+02  0.1431E+02  0.1109E+03
  -9.380  0.1421E+02  0.1421E+02  0.1112E+03
  -9.370  0.1412E+02  0.1412E+02  0.1115E+03
  -9.360  0.1403E+02  0.1403E+02  0.1118E+03
  -9.350  0.1395E+02  0.1395E+02  0.1121E+03
  -9.340  0.1387E+02  0.1387E+02  0.1123E+03
  -9.330  0.1381E+02  0.1381E+02  0.1126E+03
  -9.320  0.1374E+02  0.1374E+02  0.1129E+03
  -9.310  0.1369E+02  0.1369E+02  0.1132E+03
  -9.300  0.1364E+02  0.1364E+02  0.1134E+03
  -9.290  0.1360E+02  0.1360E+02  0.1137E+03
  -9.280  0.1357E+02  0.1357E+02  0.1140E+03
  -9.270  0.1355E+02  0.1355E+02  0.1143E+03
  -9.260  0.1353E+02  0.1353E+02  0.1145E+03
  -9.250  0.1352E+02  0.1352E+02  0.1148E+03
  -9.240  0.1352E+02  0.1352E+02  0.1151E+03
  -9.230  0.1352E+02  0.1352E+02  0.1153E+03
  -9.220  0.1353E+02  0.1353E+02  0.1156E+03
  -9.210  0.1355E+02  0.1355E+02  0.1159E+03
  -9.200  0.1356E+02  0.1356E+02  0.1162E+03
  -9.190  0.1359E+02  0.1359E+02  0.1164E+03
  -9.180  0.1361E+02  0.1361E+02  0.1167E+03
  -9.170  0.1364E+02  0.1364E+02  0.1170E+03
  -9.160  0.1367E+02  0.1367E+02  0.1172E+03
  -9.150  0.1370E+02  0.1370E+02  0.1175E+03
  -9.140  0.1372E+02  0.1372E+02  0.1178E+03
  -9.130  0.1375E+02  0.1375E+02  0.1181E+03
  -9.120  0.1377E+02  0.1377E+02  0.1183E+03
  -9.110  0.1379E+02  0.1379E+02  0.1186E+03
  -9.100  0.1381E+02  0.1381E+02  0.1189E+03
  -9.090  0.1382E+02  0.1382E+02  0.1192E+03
  -9.080  0.1382E+02  0.1382E+02  0.1194E+03
  -9.070  0.1382E+02  0.1382E+02  0.1197E+03
  -9.060  0.1381E+02  0.1381E+02  0.1200E+03
  -9.050  0.1380E+02  0.1380E+02  0.1203E+03
  -9.040  0.1377E+02  0.1377E+02  0.1205E+03
  -9.030  0.1374E+02  0.1374E+02  0.1208E+03
  -9.020  0.1371E+02  0.1371E+02  0.1211E+03
  -9.010  0.1366E+02  0.1366E+02  0.1214E+03
  -9.000  0.1361E+02  0.1361E+02  0.1216E+03
  -8.990  0.1355E+02  0.1355E+02  0.1219E+03
  -8.980  0.1349E+02  0.1349E+02  0.1222E+03
  -8.970  0.1342E+02  0.1342E+02  0.1225E+03
  -8.960  0.1334E+02  0.1334E+02  0.1227E+03
  -8.950  0.1326E+02  0.1326E+02  0.1230E+03
  -8.940  0.1318E+02  0.1318E+02  0.1232E+03
  -8.930  0.1309E+02  0.1309E+02  0.1235E+03
  -8.920  0.1300E+02  0.1300E+02  0.1238E+03
  -8.910  0.1291E+02  0.1291E+02  0.1240E+03
  -8.900  0.1281E+02  0.1281E+02  0.1243E+03
  -8.890  0.1272E+02  0.1272E+02  0.1245E+03
  -8.880  0.1263E+02  0.1263E+02  0.1248E+03
  -8.870  0.1254E+02  0.1254E+02  0.1250E+03
  -8.860  0.1245E+02  0.1245E+02  0.1253E+03
  -8.850  0.1237E+02  0.1237E+02  0.1255E+03
  -8.840  0.1229E+02  0.1229E+02  0.1258E+03
  -8.830  0.1222E+02  0.1222E+02  0.1260E+03
  -8.820  0.1215E+02  0.1215E+02  0.1263E+03
  -8.810  0.1208E+02  0.1208E+02  0.1265E+03
  -8.800  0.1203E+02  0.1203E+02  0.1268E+03
  -8.790  0.1198E+02  0.1198E+02  0.1270E+03
  -8.780  0.1193E+02  0.1193E+02  0.1272E+03
  -8.770  0.1190E+02  0.1190E+02  0.1275E+03
  -8.760  0.1187E+02  0.1187E+02  0.1277E+03
  -8.750  0.1185E+02  0.1185E+02  0.1279E+03
  -8.740  0.1183E+02  0.1183E+02  0.1282E+03
  -8.730  0.1182E+02  0.1182E+02  0.1284E+03
  -8.720  0.1182E+02  0.1182E+02  0.1287E+03
  -8.710  0.1182E+02  0.1182E+02  0.1289E+03
  -8.700  0.1183E+02  0.1183E+02  0.1291E+03
  -8.690  0.1185E+02  0.1185E+02  0.1294E+03
  -8.680  0.1187E+02  0.1187E+02  0.1296E+03
  -8.670  0.1189E+02  0.1189E+02  0.1298E+03
  -8.660  0.1192E+02  0.1192E+02  0.1301E+03
  -8.650  0.1195E+02  0.1195E+02  0.1303E+03
  -8.640  0.1198E+02  0.1198E+02  0.1306E+03
  -8.630  0.1201E+02  0.1201E+02  0.1308E+03
  -8.620  0.1204E+02  0.1204E+02  0.1310E+03
  -8.610  0.1207E+02  0.1207E+02  0.1313E+03
  -8.600  0.1211E+02  0.1211E+02  0.1315E+03
  -8.590  0.1214E+02  0.1214E+02  0.1318E+03
  -8.580  0.1216E+02  0.1216E+02  0.1320E+03
  -8.570  0.1219E+02  0.1219E+02  0.1322E+03
  -8.560  0.1221E+02  0.1221E+02  0.1325E+03
  -8.550  0.1223E+02  0.1223E+02  0.1327E+03
  -8.540  0.1224E+02  0.1224E+02  0.1330E+03
  -8.530  0.1226E+02  0.1226E+02  0.1332E+03
  -8.520  0.1226E+02  0.1226E+02  0.1335E+03
  -8.510  0.1226E+02  0.1226E+02  0.1337E+03
  -8.500  0.1226E+02  0.1226E+02  0.1340E+03
  -8.490  0.1225E+02  0.1225E+02  0.1342E+03
  -8.480  0.1224E+02  0.1224E+02  0.1345E+03
  -8.470  0.1222E+02  0.1222E+02  0.1347E+03
  -8.460  0.1220E+02  0.1220E+02  0.1349E+03
  -8.450  0.1218E+02  0.1218E+02  0.1352E+03
  -8.440  0.1215E+02  0.1215E+02  0.1354E+03
  -8.430  0.1211E+02  0.1211E+02  0.1357E+03
  -8.420  0.1208E+02  0.1208E+02  0.1359E+03
  -8.410  0.1204E+02  0.1204E+02  0.1362E+03
  -8.400  0.1200E+02  0.1200E+02  0.1364E+03
  -8.390  0.1195E+02  0.1195E+02  0.1366E+03
  -8.380  0.1191E+02  0.1191E+02  0.1369E+03
  -8.370  0.1186E+02  0.1186E+02  0.1371E+03
  -8.360  0.1182E+02  0.1182E+02  0.1373E+03
  -8.350  0.1177E+02  0.1177E+02  0.1376E+03
  -8.340  0.1173E+02  0.1173E+02  0.1378E+03
  -8.330  0.1168E+02  0.1168E+02  0.1380E+03
  -8.320  0.1164E+02  0.1164E+02  0.1383E+03
  -8.310  0.1160E+02  0.1160E+02  0.1385E+03
  -8.300  0.1156E+02  0.1156E+02  0.1387E+03
  -8.290  0.1152E+02  0.1152E+02  0.1390E+03
  -8.280  0.1149E+02  0.1149E+02  0.1392E+03
  -8.270  0.1146E+02  0.1146E+02  0.1394E+03
  -8.260  0.1143E+02  0.1143E+02  0.1397E+03
  -8.250  0.1141E+02  0.1141E+02  0.1399E+03
  -8.240  0.1139E+02  0.1139E+02  0.1401E+03
  -8.230  0.1137E+02  0.1137E+02  0.1403E+03
  -8.220  0.1136E+02  0.1136E+02  0.1406E+03
  -8.210  0.1135E+02  0.1135E+02  0.1408E+03
  -8.200  0.1135E+02  0.1135E+02  0.1410E+03
  -8.190  0.1135E+02  0.1135E+02  0.1413E+03
  -8.180  0.1135E+02  0.1135E+02  0.1415E+03
  -8.170  0.1135E+02  0.1135E+02  0.1417E+03
  -8.160  0.1136E+02  0.1136E+02  0.1419E+03
  -8.150  0.1137E+02  0.1137E+02  0.1422E+03
  -8.140  0.1138E+02  0.1138E+02  0.1424E+03
  -8.130  0.1140E+02  0.1140E+02  0.1426E+03
  -8.120  0.1141E+02  0.1141E+02  0.1428E+03
  -8.110  0.1143E+02  0.1143E+02  0.1431E+03
  -8.100  0.1145E+02  0.1145E+02  0.1433E+03
  -8.090  0.1147E+02  0.1147E+02  0.1435E+03
  -8.080  0.1149E+02  0.1149E+02  0.1438E+03
  -8.070  0.1151E+02  0.1151E+02  0.1440E+03
  -8.060  0.1153E+02  0.1153E+02  0.1442E+03
  -8.050  0.1154E+02  0.1154E+02  0.1445E+03
  -8.040  0.1156E+02  0.1156E+02  0.1447E+03
  -8.030  0.1157E+02  0.1157E+02  0.1449E+03
  -8.020  0.1159E+02  0.1159E+02  0.1451E+03
  -8.010  0.1160E+02  0.1160E+02  0.1454E+03
  -8.000  0.1160E+02  0.1160E+02  0.1456E+03
  -7.990  0.1161E+02  0.1161E+02  0.1458E+03
  -7.980  0.1161E+02  0.1161E+02  0.1461E+03
  -7.970  0.1161E+02  0.1161E+02  0.1463E+03
  -7.960  0.1161E+02  0.1161E+02  0.1465E+03
  -7.950  0.1160E+02  0.1160E+02  0.1468E+03
  -7.940  0.1159E+02  0.1159E+02  0.1470E+03
  -7.930  0.1158E+02  0.1158E+02  0.1472E+03
  -7.920  0.1157E+02  0.1157E+02  0.1475E+03
  -7.910  0.1155E+02  0.1155E+02  0.1477E+03
  -7.900  0.1153E+02  0.1153E+02  0.1479E+03
  -7.890  0.1151E+02  0.1151E+02  0.1482E+03
  -7.880  0.1148E+02  0.1148E+02  0.1484E+03
  -7.870  0.1146E+02  0.1146E+02  0.1486E+03
  -7.860  0.1143E+02  0.1143E+02  0.1488E+03
  -7.850  0.1140E+02  0.1140E+02  0.1491E+03
  -7.840  0.1137E+02  0.1137E+02  0.1493E+03
  -7.830  0.1135E+02  0.1135E+02  0.1495E+03
  -7.820  0.1132E+02  0.1132E+02  0.1498E+03
  -7.810  0.1129E+02  0.1129E+02  0.1500E+03
  -7.800  0.1126E+02  0.1126E+02  0.1502E+03
  -7.790  0.1124E+02  0.1124E+02  0.1504E+03
  -7.780  0.1122E+02  0.1122E+02  0.1507E+03
  -7.770  0.1119E+02  0.1119E+02  0.1509E+03
  -7.760  0.1117E+02  0.1117E+02  0.1511E+03
  -7.750  0.1116E+02  0.1116E+02  0.1513E+03
  -7.740  0.1114E+02  0.1114E+02  0.1515E+03
  -7.730  0.1113E+02  0.1113E+02  0.1518E+03
  -7.720  0.1112E+02  0.1112E+02  0.1520E+03
  -7.710  0.1112E+02  0.1112E+02  0.1522E+03
  -7.700  0.1111E+02  0.1111E+02  0.1524E+03
  -7.690  0.1111E+02  0.1111E+02  0.1527E+03
  -7.680  0.1112E+02  0.1112E+02  0.1529E+03
  -7.670  0.1112E+02  0.1112E+02  0.1531E+03
  -7.660  0.1113E+02  0.1113E+02  0.1533E+03
  -7.650  0.1114E+02  0.1114E+02  0.1536E+03
  -7.640  0.1115E+02  0.1115E+02  0.1538E+03
  -7.630  0.1116E+02  0.1116E+02  0.1540E+03
  -7.620  0.1117E+02  0.1117E+02  0.1542E+03
  -7.610  0.1118E+02  0.1118E+02  0.1544E+03
  -7.600  0.1119E+02  0.1119E+02  0.1547E+03
  -7.590  0.1120E+02  0.1120E+02  0.1549E+03
  -7.580  0.1121E+02  0.1121E+02  0.1551E+03
  -7.570  0.1122E+02  0.1122E+02  0.1553E+03
  -7.560  0.1122E+02  0.1122E+02  0.1556E+03
  -7.550  0.1122E+02  0.1122E+02  0.1558E+03
  -7.540  0.1121E+02  0.1121E+02  0.1560E+03
  -7.530  0.1121E+02  0.1121E+02  0.1562E+03
  -7.520  0.1119E+02  0.1119E+02  0.1565E+03
  -7.510  0.1118E+02  0.1118E+02  0.1567E+03
  -7.500  0.1115E+02  0.1115E+02  0.1569E+03
  -7.490  0.1113E+02  0.1113E+02  0.1571E+03
  -7.480  0.1109E+02  0.1109E+02  0.1574E+03
  -7.470  0.1105E+02  0.1105E+02  0.1576E+03
  -7.460  0.1101E+02  0.1101E+02  0.1578E+03
  -7.450  0.1096E+02  0.1096E+02  0.1580E+03
  -7.440  0.1090E+02  0.1090E+02  0.1582E+03
  -7.430  0.1084E+02  0.1084E+02  0.1584E+03
  -7.420  0.1077E+02  0.1077E+02  0.1587E+03
  -7.410  0.1070E+02  0.1070E+02  0.1589E+03
  -7.400  0.1063E+02  0.1063E+02  0.1591E+03
  -7.390  0.1055E+02  0.1055E+02  0.1593E+03
  -7.380  0.1047E+02  0.1047E+02  0.1595E+03
  -7.370  0.1039E+02  0.1039E+02  0.1597E+03
  -7.360  0.1030E+02  0.1030E+02  0.1599E+03
  -7.350  0.1021E+02  0.1021E+02  0.1601E+03
  -7.340  0.1013E+02  0.1013E+02  0.1603E+03
  -7.330  0.1004E+02  0.1004E+02  0.1605E+03
  -7.320  0.9955E+01  0.9955E+01  0.1607E+03
  -7.310  0.9872E+01  0.9872E+01  0.1609E+03
  -7.300  0.9792E+01  0.9792E+01  0.1611E+03
  -7.290  0.9715E+01  0.9715E+01  0.1613E+03
  -7.280  0.9643E+01  0.9643E+01  0.1615E+03
  -7.270  0.9575E+01  0.9575E+01  0.1617E+03
  -7.260  0.9513E+01  0.9513E+01  0.1619E+03
  -7.250  0.9456E+01  0.9456E+01  0.1621E+03
  -7.240  0.9407E+01  0.9407E+01  0.1623E+03
  -7.230  0.9364E+01  0.9364E+01  0.1625E+03
  -7.220  0.9328E+01  0.9328E+01  0.1626E+03
  -7.210  0.9300E+01  0.9300E+01  0.1628E+03
  -7.200  0.9279E+01  0.9279E+01  0.1630E+03
  -7.190  0.9266E+01  0.9266E+01  0.1632E+03
  -7.180  0.9261E+01  0.9261E+01  0.1634E+03
  -7.170  0.9264E+01  0.9264E+01  0.1636E+03
  -7.160  0.9275E+01  0.9275E+01  0.1638E+03
  -7.150  0.9294E+01  0.9294E+01  0.1639E+03
  -7.140  0.9319E+01  0.9319E+01  0.1641E+03
  -7.130  0.9352E+01  0.9352E+01  0.1643E+03
  -7.120  0.9391E+01  0.9391E+01  0.1645E+03
  -7.110  0.9437E+01  0.9437E+01  0.1647E+03
  -7.100  0.9488E+01  0.9488E+01  0.1649E+03
  -7.090  0.9545E+01  0.9545E+01  0.1651E+03
  -7.080  0.9607E+01  0.9607E+01  0.1653E+03
  -7.070  0.9673E+01  0.9673E+01  0.1655E+03
  -7.060  0.9743E+01  0.9743E+01  0.1657E+03
  -7.050  0.9816E+01  0.9816E+01  0.1659E+03
  -7.040  0.9891E+01  0.9891E+01  0.1660E+03
  -7.030  0.9969E+01  0.9969E+01  0.1662E+03
  -7.020  0.1005E+02  0.1005E+02  0.1664E+03
  -7.010  0.1013E+02  0.1013E+02  0.1667E+03
  -7.000  0.1021E+02  0.1021E+02  0.1669E+03
  -6.990  0.1029E+02  0.1029E+02  0.1671E+03
  -6.980  0.1037E+02  0.1037E+02  0.1673E+03
  -6.970  0.1045E+02  0.1045E+02  0.1675E+03
  -6.960  0.1053E+02  0.1053E+02  0.1677E+03
  -6.950  0.1060E+02  0.1060E+02  0.1679E+03
  -6.940  0.1068E+02  0.1068E+02  0.1681E+03
  -6.930  0.1075E+02  0.1075E+02  0.1683E+03
  -6.920  0.1082E+02  0.1082E+02  0.1685E+03
  -6.910  0.1088E+02  0.1088E+02  0.1688E+03
  -6.900  0.1095E+02  0.1095E+02  0.1690E+03
  -6.890  0.1101E+02  0.1101E+02  0.1692E+03
  -6.880  0.1106E+02  0.1106E+02  0.1694E+03
  -6.870  0.1111E+02  0.1111E+02  0.1696E+03
  -6.860  0.1116E+02  0.1116E+02  0.1699E+03
  -6.850  0.1120E+02  0.1120E+02  0.1701E+03
  -6.840  0.1124E+02  0.1124E+02  0.1703E+03
  -6.830  0.1127E+02  0.1127E+02  0.1705E+03
  -6.820  0.1130E+02  0.1130E+02  0.1708E+03
  -6.810  0.1133E+02  0.1133E+02  0.1710E+03
  -6.800  0.1134E+02  0.1134E+02  0.1712E+03
  -6.790  0.1136E+02  0.1136E+02  0.1715E+03
  -6.780  0.1137E+02  0.1137E+02  0.1717E+03
  -6.770  0.1137E+02  0.1137E+02  0.1719E+03
  -6.760  0.1137E+02  0.1137E+02  0.1721E+03
  -6.750  0.1136E+02  0.1136E+02  0.1724E+03
  -6.740  0.1135E+02  0.1135E+02  0.1726E+03
  -6.730  0.1133E+02  0.1133E+02  0.1728E+03
  -6.720  0.1130E+02  0.1130E+02  0.1730E+03
  -6.710  0.1127E+02  0.1127E+02  0.1733E+03
  -6.700  0.1124E+02  0.1124E+02  0.1735E+03
  -6.690  0.1120E+02  0.1120E+02  0.1737E+03
  -6.680  0.1115E+02  0.1115E+02  0.1739E+03
  -6.670  0.1110E+02  0.1110E+02  0.1742E+03
  -6.660  0.1104E+02  0.1104E+02  0.1744E+03
  -6.650  0.1098E+02  0.1098E+02  0.1746E+03
  -6.640  0.1092E+02  0.1092E+02  0.1748E+03
  -6.630  0.1084E+02  0.1084E+02  0.1750E+03
  -6.620  0.1077E+02  0.1077E+02  0.1752E+03
  -6.610  0.1069E+02  0.1069E+02  0.1755E+03
  -6.600  0.1060E+02  0.1060E+02  0.1757E+03
  -6.590  0.1051E+02  0.1051E+02  0.1759E+03
  -6.580  0.1042E+02  0.1042E+02  0.1761E+03
  -6.570  0.1032E+02  0.1032E+02  0.1763E+03
  -6.560  0.1022E+02  0.1022E+02  0.1765E+03
  -6.550  0.1012E+02  0.1012E+02  0.1767E+03
  -6.540  0.1002E+02  0.1002E+02  0.1769E+03
  -6.530  0.9908E+01  0.9908E+01  0.1771E+03
  -6.520  0.9797E+01  0.9797E+01  0.1773E+03
  -6.510  0.9685E+01  0.9685E+01  0.1775E+03
  -6.500  0.9571E+01  0.9571E+01  0.1777E+03
  -6.490  0.9455E+01  0.9455E+01  0.1779E+03
  -6.480  0.9338E+01  0.9338E+01  0.1781E+03
  -6.470  0.9221E+01  0.9221E+01  0.1782E+03
  -6.460  0.9103E+01  0.9103E+01  0.1784E+03
  -6.450  0.8984E+01  0.8984E+01  0.1786E+03
  -6.440  0.8866E+01  0.8866E+01  0.1788E+03
  -6.430  0.8748E+01  0.8748E+01  0.1790E+03
  -6.420  0.8629E+01  0.8629E+01  0.1791E+03
  -6.410  0.8512E+01  0.8512E+01  0.1793E+03
  -6.400  0.8395E+01  0.8395E+01  0.1795E+03
  -6.390  0.8279E+01  0.8279E+01  0.1796E+03
  -6.380  0.8164E+01  0.8164E+01  0.1798E+03
  -6.370  0.8051E+01  0.8051E+01  0.1800E+03
  -6.360  0.7938E+01  0.7938E+01  0.1801E+03
  -6.350  0.7827E+01  0.7827E+01  0.1803E+03
  -6.340  0.7718E+01  0.7718E+01  0.1804E+03
  -6.330  0.7609E+01  0.7609E+01  0.1806E+03
  -6.320  0.7502E+01  0.7502E+01  0.1807E+03
  -6.310  0.7397E+01  0.7397E+01  0.1809E+03
  -6.300  0.7293E+01  0.7293E+01  0.1810E+03
  -6.290  0.7190E+01  0.7190E+01  0.1812E+03
  -6.280  0.7089E+01  0.7089E+01  0.1813E+03
  -6.270  0.6989E+01  0.6989E+01  0.1815E+03
  -6.260  0.6889E+01  0.6889E+01  0.1816E+03
  -6.250  0.6791E+01  0.6791E+01  0.1817E+03
  -6.240  0.6694E+01  0.6694E+01  0.1819E+03
  -6.230  0.6597E+01  0.6597E+01  0.1820E+03
  -6.220  0.6500E+01  0.6500E+01  0.1821E+03
  -6.210  0.6404E+01  0.6404E+01  0.1823E+03
  -6.200  0.6308E+01  0.6308E+01  0.1824E+03
  -6.190  0.6212E+01  0.6212E+01  0.1825E+03
  -6.180  0.6115E+01  0.6115E+01  0.1826E+03
  -6.170  0.6018E+01  0.6018E+01  0.1827E+03
  -6.160  0.5920E+01  0.5920E+01  0.1829E+03
  -6.150  0.5821E+01  0.5821E+01  0.1830E+03
  -6.140  0.5721E+01  0.5721E+01  0.1831E+03
  -6.130  0.5620E+01  0.5620E+01  0.1832E+03
  -6.120  0.5517E+01  0.5517E+01  0.1833E+03
  -6.110  0.5413E+01  0.5413E+01  0.1834E+03
  -6.100  0.5308E+01  0.5308E+01  0.1835E+03
  -6.090  0.5200E+01  0.5200E+01  0.1836E+03
  -6.080  0.5091E+01  0.5091E+01  0.1837E+03
  -6.070  0.4979E+01  0.4979E+01  0.1838E+03
  -6.060  0.4866E+01  0.4866E+01  0.1839E+03
  -6.050  0.4751E+01  0.4751E+01  0.1840E+03
  -6.040  0.4634E+01  0.4634E+01  0.1841E+03
  -6.030  0.4516E+01  0.4516E+01  0.1842E+03
  -6.020  0.4395E+01  0.4395E+01  0.1843E+03
  -6.010  0.4273E+01  0.4273E+01  0.1844E+03
  -6.000  0.4149E+01  0.4149E+01  0.1845E+03
  -5.990  0.4024E+01  0.4024E+01  0.1845E+03
  -5.980  0.3898E+01  0.3898E+01  0.1846E+03
  -5.970  0.3771E+01  0.3771E+01  0.1847E+03
  -5.960  0.3643E+01  0.3643E+01  0.1848E+03
  -5.950  0.3515E+01  0.3515E+01  0.1848E+03
  -5.940  0.3386E+01  0.3386E+01  0.1849E+03
  -5.930  0.3257E+01  0.3257E+01  0.1850E+03
  -5.920  0.3129E+01  0.3129E+01  0.1850E+03
  -5.910  0.3001E+01  0.3001E+01  0.1851E+03
  -5.900  0.2873E+01  0.2873E+01  0.1852E+03
  -5.890  0.2747E+01  0.2747E+01  0.1852E+03
  -5.880  0.2622E+01  0.2622E+01  0.1853E+03
  -5.870  0.2498E+01  0.2498E+01  0.1853E+03
  -5.860  0.2376E+01  0.2376E+01  0.1854E+03
  -5.850  0.2257E+01  0.2257E+01  0.1854E+03
  -5.840  0.2139E+01  0.2139E+01  0.1855E+03
  -5.830  0.2024E+01  0.2024E+01  0.1855E+03
  -5.820  0.1912E+01  0.1912E+01  0.1855E+03
  -5.810  0.1803E+01  0.1803E+01  0.1856E+03
  -5.800  0.1697E+01  0.1697E+01  0.1856E+03
  -5.790  0.1594E+01  0.1594E+01  0.1856E+03
  -5.780  0.1494E+01  0.1494E+01  0.1857E+03
  -5.770  0.1398E+01  0.1398E+01  0.1857E+03
  -5.760  0.1306E+01  0.1306E+01  0.1857E+03
  -5.750  0.1217E+01  0.1217E+01  0.1857E+03
  -5.740  0.1132E+01  0.1132E+01  0.1858E+03
  -5.730  0.1051E+01  0.1051E+01  0.1858E+03
  -5.720  0.9738E+00  0.9738E+00  0.1858E+03
  -5.710  0.9003E+00  0.9003E+00  0.1858E+03
  -5.700  0.8307E+00  0.8307E+00  0.1858E+03
  -5.690  0.7649E+00  0.7649E+00  0.1859E+03
  -5.680  0.7028E+00  0.7028E+00  0.1859E+03
  -5.670  0.6443E+00  0.6443E+00  0.1859E+03
  -5.660  0.5895E+00  0.5895E+00  0.1859E+03
  -5.650  0.5381E+00  0.5381E+00  0.1859E+03
  -5.640  0.4902E+00  0.4902E+00  0.1859E+03
  -5.630  0.4456E+00  0.4456E+00  0.1859E+03
  -5.620  0.4041E+00  0.4041E+00  0.1859E+03
  -5.610  0.3657E+00  0.3657E+00  0.1859E+03
  -5.600  0.3301E+00  0.3301E+00  0.1859E+03
  -5.590  0.2974E+00  0.2974E+00  0.1859E+03
  -5.580  0.2673E+00  0.2673E+00  0.1860E+03
  -5.570  0.2397E+00  0.2397E+00  0.1860E+03
  -5.560  0.2145E+00  0.2145E+00  0.1860E+03
  -5.550  0.1914E+00  0.1914E+00  0.1860E+03
  -5.540  0.1705E+00  0.1705E+00  0.1860E+03
  -5.530  0.1515E+00  0.1515E+00  0.1860E+03
  -5.520  0.1343E+00  0.1343E+00  0.1860E+03
  -5.510  0.1187E+00  0.1187E+00  0.1860E+03
  -5.500  0.1048E+00  0.1048E+00  0.1860E+03
  -5.490  0.9219E-01  0.9219E-01  0.1860E+03
  -5.480  0.8095E-01  0.8095E-01  0.1860E+03
  -5.470  0.7090E-01  0.7090E-01  0.1860E+03
  -5.460  0.6196E-01  0.6196E-01  0.1860E+03
  -5.450  0.5401E-01  0.5401E-01  0.1860E+03
  -5.440  0.4696E-01  0.4696E-01  0.1860E+03
  -5.430  0.4074E-01  0.4074E-01  0.1860E+03
  -5.420  0.3525E-01  0.3525E-01  0.1860E+03
  -5.410  0.3043E-01  0.3043E-01  0.1860E+03
  -5.400  0.2620E-01  0.2620E-01  0.1860E+03
  -5.390  0.2251E-01  0.2251E-01  0.1860E+03
  -5.380  0.1929E-01  0.1929E-01  0.1860E+03
  -5.370  0.1648E-01  0.1648E-01  0.1860E+03
  -5.360  0.1405E-01  0.1405E-01  0.1860E+03
  -5.350  0.1195E-01  0.1195E-01  0.1860E+03
  -5.340  0.1014E-01  0.1014E-01  0.1860E+03
  -5.330  0.8580E-02  0.8580E-02  0.1860E+03
  -5.320  0.7243E-02  0.7243E-02  0.1860E+03
  -5.310  0.6098E-02  0.6098E-02  0.1860E+03
  -5.300  0.5121E-02  0.5121E-02  0.1860E+03
  -5.290  0.4290E-02  0.4290E-02  0.1860E+03
  -5.280  0.3585E-02  0.3585E-02  0.1860E+03
  -5.270  0.2987E-02  0.2987E-02  0.1860E+03
  -5.260  0.2484E-02  0.2484E-02  0.1860E+03
  -5.250  0.2059E-02  0.2059E-02  0.1860E+03
  -5.240  0.1703E-02  0.1703E-02  0.1860E+03
  -5.230  0.1405E-02  0.1405E-02  0.1860E+03
  -5.220  0.1156E-02  0.1156E-02  0.1860E+03
  -5.210  0.9489E-03  0.9489E-03  0.1860E+03
  -5.200  0.7768E-03  0.7768E-03  0.1860E+03
  -5.190  0.6343E-03  0.6343E-03  0.1860E+03
  -5.180  0.5165E-03  0.5165E-03  0.1860E+03
  -5.170  0.4196E-03  0.4196E-03  0.1860E+03
  -5.160  0.3400E-03  0.3400E-03  0.1860E+03
  -5.150  0.2747E-03  0.2747E-03  0.1860E+03
  -5.140  0.2214E-03  0.2214E-03  0.1860E+03
  -5.130  0.1780E-03  0.1780E-03  0.1860E+03
  -5.120  0.1427E-03  0.1427E-03  0.1860E+03
  -5.110  0.1141E-03  0.1141E-03  0.1860E+03
  -5.100  0.9105E-04  0.9105E-04  0.1860E+03
  -5.090  0.7243E-04  0.7243E-04  0.1860E+03
  -5.080  0.5747E-04  0.5747E-04  0.1860E+03
  -5.070  0.4549E-04  0.4549E-04  0.1860E+03
  -5.060  0.3591E-04  0.3591E-04  0.1860E+03
  -5.050  0.2827E-04  0.2827E-04  0.1860E+03
  -5.040  0.2220E-04  0.2220E-04  0.1860E+03
  -5.030  0.1738E-04  0.1738E-04  0.1860E+03
  -5.020  0.1358E-04  0.1358E-04  0.1860E+03
  -5.010  0.1058E-04  0.1058E-04  0.1860E+03
  -5.000  0.8219E-05  0.8219E-05  0.1860E+03
  -4.990  0.6370E-05  0.6370E-05  0.1860E+03
  -4.980  0.4923E-05  0.4923E-05  0.1860E+03
  -4.970  0.3795E-05  0.3795E-05  0.1860E+03
  -4.960  0.2918E-05  0.2918E-05  0.1860E+03
  -4.950  0.2238E-05  0.2238E-05  0.1860E+03
  -4.940  0.1711E-05  0.1711E-05  0.1860E+03
  -4.930  0.1306E-05  0.1306E-05  0.1860E+03
  -4.920  0.9932E-06  0.9932E-06  0.1860E+03
  -4.910  0.7536E-06  0.7536E-06  0.1860E+03
  -4.900  0.5703E-06  0.5703E-06  0.1860E+03
  -4.890  0.4305E-06  0.4305E-06  0.1860E+03
  -4.880  0.3240E-06  0.3240E-06  0.1860E+03
  -4.870  0.2433E-06  0.2433E-06  0.1860E+03
  -4.860  0.1822E-06  0.1822E-06  0.1860E+03
  -4.850  0.1360E-06  0.1360E-06  0.1860E+03
  -4.840  0.1013E-06  0.1013E-06  0.1860E+03
  -4.830  0.7527E-07  0.7527E-07  0.1860E+03
  -4.820  0.5577E-07  0.5577E-07  0.1860E+03
  -4.810  0.4121E-07  0.4121E-07  0.1860E+03
  -4.800  0.3037E-07  0.3037E-07  0.1860E+03
  -4.790  0.2232E-07  0.2232E-07  0.1860E+03
  -4.780  0.1636E-07  0.1636E-07  0.1860E+03
  -4.770  0.1196E-07  0.1196E-07  0.1860E+03
  -4.760  0.8722E-08  0.8722E-08  0.1860E+03
  -4.750  0.6343E-08  0.6343E-08  0.1860E+03
  -4.740  0.4600E-08  0.4600E-08  0.1860E+03
  -4.730  0.3327E-08  0.3327E-08  0.1860E+03
  -4.720  0.2400E-08  0.2400E-08  0.1860E+03
  -4.710  0.1727E-08  0.1727E-08  0.1860E+03
  -4.700  0.1239E-08  0.1239E-08  0.1860E+03
  -4.690  0.8870E-09  0.8870E-09  0.1860E+03
  -4.680  0.6331E-09  0.6331E-09  0.1860E+03
  -4.670  0.4507E-09  0.4507E-09  0.1860E+03
  -4.660  0.3200E-09  0.3200E-09  0.1860E+03
  -4.650  0.2266E-09  0.2266E-09  0.1860E+03
  -4.640  0.1600E-09  0.1600E-09  0.1860E+03
  -4.630  0.1127E-09  0.1127E-09  0.1860E+03
  -4.620  0.7915E-10  0.7915E-10  0.1860E+03
  -4.610  0.5545E-10  0.5545E-10  0.1860E+03
  -4.600  0.3874E-10  0.3874E-10  0.1860E+03
  -4.590  0.2699E-10  0.2699E-10  0.1860E+03
  -4.580  0.1876E-10  0.1876E-10  0.1860E+03
  -4.570  0.1300E-10  0.1300E-10  0.1860E+03
  -4.560  0.8988E-11  0.8988E-11  0.1860E+03
  -4.550  0.6196E-11  0.6196E-11  0.1860E+03
  -4.540  0.4260E-11  0.4260E-11  0.1860E+03
  -4.530  0.2921E-11  0.2921E-11  0.1860E+03
  -4.520  0.1998E-11  0.1998E-11  0.1860E+03
  -4.510  0.1363E-11  0.1363E-11  0.1860E+03
  -4.500  0.9268E-12  0.9268E-12  0.1860E+03
  -4.490  0.6288E-12  0.6288E-12  0.1860E+03
  -4.480  0.4254E-12  0.4254E-12  0.1860E+03
  -4.470  0.2871E-12  0.2871E-12  0.1860E+03
  -4.460  0.1932E-12  0.1932E-12  0.1860E+03
  -4.450  0.1297E-12  0.1297E-12  0.1860E+03
  -4.440  0.8679E-13  0.8679E-13  0.1860E+03
  -4.430  0.5794E-13  0.5794E-13  0.1860E+03
  -4.420  0.3857E-13  0.3857E-13  0.1860E+03
  -4.410  0.2561E-13  0.2561E-13  0.1860E+03
  -4.400  0.1696E-13  0.1696E-13  0.1860E+03
  -4.390  0.1120E-13  0.1120E-13  0.1860E+03
  -4.380  0.7379E-14  0.7379E-14  0.1860E+03
  -4.370  0.4847E-14  0.4847E-14  0.1860E+03
  -4.360  0.3176E-14  0.3176E-14  0.1860E+03
  -4.350  0.2075E-14  0.2075E-14  0.1860E+03
  -4.340  0.1352E-14  0.1352E-14  0.1860E+03
  -4.330  0.8788E-15  0.8788E-15  0.1860E+03
  -4.320  0.5696E-15  0.5696E-15  0.1860E+03
  -4.310  0.3682E-15  0.3682E-15  0.1860E+03
  -4.300  0.2374E-15  0.2374E-15  0.1860E+03
  -4.290  0.1526E-15  0.1526E-15  0.1860E+03
  -4.280  0.9787E-16  0.9787E-16  0.1860E+03
  -4.270  0.6259E-16  0.6259E-16  0.1860E+03
  -4.260  0.3992E-16  0.3992E-16  0.1860E+03
  -4.250  0.2539E-16  0.2539E-16  0.1860E+03
  -4.240  0.1611E-16  0.1611E-16  0.1860E+03
  -4.230  0.1019E-16  0.1019E-16  0.1860E+03
  -4.220  0.6430E-17  0.6430E-17  0.1860E+03
  -4.210  0.4046E-17  0.4046E-17  0.1860E+03
  -4.200  0.2540E-17  0.2540E-17  0.1860E+03
  -4.190  0.1590E-17  0.1590E-17  0.1860E+03
  -4.180  0.9922E-18  0.9922E-18  0.1860E+03
  -4.170  0.6177E-18  0.6177E-18  0.1860E+03
  -4.160  0.3835E-18  0.3835E-18  0.1860E+03
  -4.150  0.2375E-18  0.2375E-18  0.1860E+03
  -4.140  0.1467E-18  0.1467E-18  0.1860E+03
  -4.130  0.9032E-19  0.9032E-19  0.1860E+03
  -4.120  0.5548E-19  0.5548E-19  0.1860E+03
  -4.110  0.3399E-19  0.3399E-19  0.1860E+03
  -4.100  0.2076E-19  0.2076E-19  0.1860E+03
  -4.090  0.1265E-19  0.1265E-19  0.1860E+03
  -4.080  0.7687E-20  0.7687E-20  0.1860E+03
  -4.070  0.4659E-20  0.4659E-20  0.1860E+03
  -4.060  0.2816E-20  0.2816E-20  0.1860E+03
  -4.050  0.1697E-20  0.1697E-20  0.1860E+03
  -4.040  0.1020E-20  0.1020E-20  0.1860E+03
  -4.030  0.6117E-21  0.6117E-21  0.1860E+03
  -4.020  0.3657E-21  0.3657E-21  0.1860E+03
  -4.010  0.2181E-21  0.2181E-21  0.1860E+03
  -4.000  0.1297E-21  0.1297E-21  0.1860E+03
  -3.990  0.7693E-22  0.7693E-22  0.1860E+03
  -3.980  0.4551E-22  0.4551E-22  0.1860E+03
  -3.970  0.2684E-22  0.2684E-22  0.1860E+03
  -3.960  0.1579E-22  0.1579E-22  0.1860E+03
  -3.950  0.9267E-23  0.9267E-23  0.1860E+03
  -3.940  0.5423E-23  0.5423E-23  0.1860E+03
  -3.930  0.3165E-23  0.3165E-23  0.1860E+03
  -3.920  0.1842E-23  0.1842E-23  0.1860E+03
  -3.910  0.1069E-23  0.1069E-23  0.1860E+03
  -3.900  0.6190E-24  0.6190E-24  0.1860E+03
  -3.890  0.3574E-24  0.3574E-24  0.1860E+03
  -3.880  0.2058E-24  0.2058E-24  0.1860E+03
  -3.870  0.1182E-24  0.1182E-24  0.1860E+03
  -3.860  0.6767E-25  0.6767E-25  0.1860E+03
  -3.850  0.3865E-25  0.3865E-25  0.1860E+03
  -3.840  0.2202E-25  0.2202E-25  0.1860E+03
  -3.830  0.1251E-25  0.1251E-25  0.1860E+03
  -3.820  0.7087E-26  0.7087E-26  0.1860E+03
  -3.810  0.4004E-26  0.4004E-26  0.1860E+03
  -3.800  0.2256E-26  0.2256E-26  0.1860E+03
  -3.790  0.1268E-26  0.1268E-26  0.1860E+03
  -3.780  0.7107E-27  0.7107E-27  0.1860E+03
  -3.770  0.3973E-27  0.3973E-27  0.1860E+03
  -3.760  0.2215E-27  0.2215E-27  0.1860E+03
  -3.750  0.1231E-27  0.1231E-27  0.1860E+03
  -3.740  0.6828E-28  0.6828E-28  0.1860E+03
  -3.730  0.3776E-28  0.3776E-28  0.1860E+03
  -3.720  0.2082E-28  0.2082E-28  0.1860E+03
  -3.710  0.1146E-28  0.1146E-28  0.1860E+03
  -3.700  0.6288E-29  0.6288E-29  0.1860E+03
  -3.690  0.3448E-29  0.3448E-29  0.1860E+03
  -3.680  0.1897E-29  0.1897E-29  0.1860E+03
  -3.670  0.1061E-29  0.1061E-29  0.1860E+03
  -3.660  0.6300E-30  0.6300E-30  0.1860E+03
  -3.650  0.4418E-30  0.4418E-30  0.1860E+03
  -3.640  0.4257E-30  0.4257E-30  0.1860E+03
  -3.630  0.5757E-30  0.5757E-30  0.1860E+03
  -3.620  0.9488E-30  0.9488E-30  0.1860E+03
  -3.610  0.1686E-29  0.1686E-29  0.1860E+03
  -3.600  0.3062E-29  0.3062E-29  0.1860E+03
  -3.590  0.5590E-29  0.5590E-29  0.1860E+03
  -3.580  0.1020E-28  0.1020E-28  0.1860E+03
  -3.570  0.1857E-28  0.1857E-28  0.1860E+03
  -3.560  0.3373E-28  0.3373E-28  0.1860E+03
  -3.550  0.6110E-28  0.6110E-28  0.1860E+03
  -3.540  0.1104E-27  0.1104E-27  0.1860E+03
  -3.530  0.1989E-27  0.1989E-27  0.1860E+03
  -3.520  0.3574E-27  0.3574E-27  0.1860E+03
  -3.510  0.6404E-27  0.6404E-27  0.1860E+03
  -3.500  0.1145E-26  0.1145E-26  0.1860E+03
  -3.490  0.2040E-26  0.2040E-26  0.1860E+03
  -3.480  0.3627E-26  0.3627E-26  0.1860E+03
  -3.470  0.6431E-26  0.6431E-26  0.1860E+03
  -3.460  0.1137E-25  0.1137E-25  0.1860E+03
  -3.450  0.2005E-25  0.2005E-25  0.1860E+03
  -3.440  0.3526E-25  0.3526E-25  0.1860E+03
  -3.430  0.6185E-25  0.6185E-25  0.1860E+03
  -3.420  0.1082E-24  0.1082E-24  0.1860E+03
  -3.410  0.1887E-24  0.1887E-24  0.1860E+03
  -3.400  0.3284E-24  0.3284E-24  0.1860E+03
  -3.390  0.5698E-24  0.5698E-24  0.1860E+03
  -3.380  0.9861E-24  0.9861E-24  0.1860E+03
  -3.370  0.1702E-23  0.1702E-23  0.1860E+03
  -3.360  0.2930E-23  0.2930E-23  0.1860E+03
  -3.350  0.5029E-23  0.5029E-23  0.1860E+03
  -3.340  0.8610E-23  0.8610E-23  0.1860E+03
  -3.330  0.1470E-22  0.1470E-22  0.1860E+03
  -3.320  0.2503E-22  0.2503E-22  0.1860E+03
  -3.310  0.4252E-22  0.4252E-22  0.1860E+03
  -3.300  0.7201E-22  0.7201E-22  0.1860E+03
  -3.290  0.1216E-21  0.1216E-21  0.1860E+03
  -3.280  0.2049E-21  0.2049E-21  0.1860E+03
  -3.270  0.3443E-21  0.3443E-21  0.1860E+03
  -3.260  0.5770E-21  0.5770E-21  0.1860E+03
  -3.250  0.9642E-21  0.9642E-21  0.1860E+03
  -3.240  0.1607E-20  0.1607E-20  0.1860E+03
  -3.230  0.2671E-20  0.2671E-20  0.1860E+03
  -3.220  0.4428E-20  0.4428E-20  0.1860E+03
  -3.210  0.7321E-20  0.7321E-20  0.1860E+03
  -3.200  0.1207E-19  0.1207E-19  0.1860E+03
  -3.190  0.1985E-19  0.1985E-19  0.1860E+03
  -3.180  0.3256E-19  0.3256E-19  0.1860E+03
  -3.170  0.5326E-19  0.5326E-19  0.1860E+03
  -3.160  0.8688E-19  0.8688E-19  0.1860E+03
  -3.150  0.1413E-18  0.1413E-18  0.1860E+03
  -3.140  0.2293E-18  0.2293E-18  0.1860E+03
  -3.130  0.3711E-18  0.3711E-18  0.1860E+03
  -3.120  0.5989E-18  0.5989E-18  0.1860E+03
  -3.110  0.9640E-18  0.9640E-18  0.1860E+03
  -3.100  0.1548E-17  0.1548E-17  0.1860E+03
  -3.090  0.2478E-17  0.2478E-17  0.1860E+03
  -3.080  0.3956E-17  0.3956E-17  0.1860E+03
  -3.070  0.6299E-17  0.6299E-17  0.1860E+03
  -3.060  0.1000E-16  0.1000E-16  0.1860E+03
  -3.050  0.1585E-16  0.1585E-16  0.1860E+03
  -3.040  0.2503E-16  0.2503E-16  0.1860E+03
  -3.030  0.3943E-16  0.3943E-16  0.1860E+03
  -3.020  0.6196E-16  0.6196E-16  0.1860E+03
  -3.010  0.9710E-16  0.9710E-16  0.1860E+03
  -3.000  0.1517E-15  0.1517E-15  0.1860E+03
  -2.990  0.2365E-15  0.2365E-15  0.1860E+03
  -2.980  0.3677E-15  0.3677E-15  0.1860E+03
  -2.970  0.5700E-15  0.5700E-15  0.1860E+03
  -2.960  0.8814E-15  0.8814E-15  0.1860E+03
  -2.950  0.1359E-14  0.1359E-14  0.1860E+03
  -2.940  0.2090E-14  0.2090E-14  0.1860E+03
  -2.930  0.3206E-14  0.3206E-14  0.1860E+03
  -2.920  0.4905E-14  0.4905E-14  0.1860E+03
  -2.910  0.7484E-14  0.7484E-14  0.1860E+03
  -2.900  0.1139E-13  0.1139E-13  0.1860E+03
  -2.890  0.1728E-13  0.1728E-13  0.1860E+03
  -2.880  0.2615E-13  0.2615E-13  0.1860E+03
  -2.870  0.3948E-13  0.3948E-13  0.1860E+03
  -2.860  0.5944E-13  0.5944E-13  0.1860E+03
  -2.850  0.8924E-13  0.8924E-13  0.1860E+03
  -2.840  0.1336E-12  0.1336E-12  0.1860E+03
  -2.830  0.1996E-12  0.1996E-12  0.1860E+03
  -2.820  0.2973E-12  0.2973E-12  0.1860E+03
  -2.810  0.4416E-12  0.4416E-12  0.1860E+03
  -2.800  0.6543E-12  0.6543E-12  0.1860E+03
  -2.790  0.9668E-12  0.9668E-12  0.1860E+03
  -2.780  0.1425E-11  0.1425E-11  0.1860E+03
  -2.770  0.2094E-11  0.2094E-11  0.1860E+03
  -2.760  0.3070E-11  0.3070E-11  0.1860E+03
  -2.750  0.4488E-11  0.4488E-11  0.1860E+03
  -2.740  0.6545E-11  0.6545E-11  0.1860E+03
  -2.730  0.9518E-11  0.9518E-11  0.1860E+03
  -2.720  0.1380E-10  0.1380E-10  0.1860E+03
  -2.710  0.1997E-10  0.1997E-10  0.1860E+03
  -2.700  0.2881E-10  0.2881E-10  0.1860E+03
  -2.690  0.4146E-10  0.4146E-10  0.1860E+03
  -2.680  0.5950E-10  0.5950E-10  0.1860E+03
  -2.670  0.8516E-10  0.8516E-10  0.1860E+03
  -2.660  0.1216E-09  0.1216E-09  0.1860E+03
  -2.650  0.1731E-09  0.1731E-09  0.1860E+03
  -2.640  0.2458E-09  0.2458E-09  0.1860E+03
  -2.630  0.3481E-09  0.3481E-09  0.1860E+03
  -2.620  0.4917E-09  0.4917E-09  0.1860E+03
  -2.610  0.6926E-09  0.6926E-09  0.1860E+03
  -2.600  0.9732E-09  0.9732E-09  0.1860E+03
  -2.590  0.1364E-08  0.1364E-08  0.1860E+03
  -2.580  0.1906E-08  0.1906E-08  0.1860E+03
  -2.570  0.2657E-08  0.2657E-08  0.1860E+03
  -2.560  0.3694E-08  0.3694E-08  0.1860E+03
  -2.550  0.5123E-08  0.5123E-08  0.1860E+03
  -2.540  0.7086E-08  0.7086E-08  0.1860E+03
  -2.530  0.9774E-08  0.9774E-08  0.1860E+03
  -2.520  0.1345E-07  0.1345E-07  0.1860E+03
  -2.510  0.1845E-07  0.1845E-07  0.1860E+03
  -2.500  0.2525E-07  0.2525E-07  0.1860E+03
  -2.490  0.3447E-07  0.3447E-07  0.1860E+03
  -2.480  0.4693E-07  0.4693E-07  0.1860E+03
  -2.470  0.6373E-07  0.6373E-07  0.1860E+03
  -2.460  0.8632E-07  0.8632E-07  0.1860E+03
  -2.450  0.1166E-06  0.1166E-06  0.1860E+03
  -2.440  0.1571E-06  0.1571E-06  0.1860E+03
  -2.430  0.2111E-06  0.2111E-06  0.1860E+03
  -2.420  0.2830E-06  0.2830E-06  0.1860E+03
  -2.410  0.3783E-06  0.3783E-06  0.1860E+03
  -2.400  0.5044E-06  0.5044E-06  0.1860E+03
  -2.390  0.6708E-06  0.6708E-06  0.1860E+03
  -2.380  0.8899E-06  0.8899E-06  0.1860E+03
  -2.370  0.1177E-05  0.1177E-05  0.1860E+03
  -2.360  0.1554E-05  0.1554E-05  0.1860E+03
  -2.350  0.2045E-05  0.2045E-05  0.1860E+03
  -2.340  0.2685E-05  0.2685E-05  0.1860E+03
  -2.330  0.3516E-05  0.3516E-05  0.1860E+03
  -2.320  0.4592E-05  0.4592E-05  0.1860E+03
  -2.310  0.5983E-05  0.5983E-05  0.1860E+03
  -2.300  0.7774E-05  0.7774E-05  0.1860E+03
  -2.290  0.1008E-04  0.1008E-04  0.1860E+03
  -2.280  0.1303E-04  0.1303E-04  0.1860E+03
  -2.270  0.1680E-04  0.1680E-04  0.1860E+03
  -2.260  0.2161E-04  0.2161E-04  0.1860E+03
  -2.250  0.2772E-04  0.2772E-04  0.1860E+03
  -2.240  0.3548E-04  0.3548E-04  0.1860E+03
  -2.230  0.4529E-04  0.4529E-04  0.1860E+03
  -2.220  0.5766E-04  0.5766E-04  0.1860E+03
  -2.210  0.7324E-04  0.7324E-04  0.1860E+03
  -2.200  0.9278E-04  0.9278E-04  0.1860E+03
  -2.190  0.1172E-03  0.1172E-03  0.1860E+03
  -2.180  0.1478E-03  0.1478E-03  0.1860E+03
  -2.170  0.1858E-03  0.1858E-03  0.1860E+03
  -2.160  0.2331E-03  0.2331E-03  0.1860E+03
  -2.150  0.2916E-03  0.2916E-03  0.1860E+03
  -2.140  0.3639E-03  0.3639E-03  0.1860E+03
  -2.130  0.4530E-03  0.4530E-03  0.1860E+03
  -2.120  0.5626E-03  0.5626E-03  0.1860E+03
  -2.110  0.6969E-03  0.6969E-03  0.1860E+03
  -2.100  0.8611E-03  0.8611E-03  0.1860E+03
  -2.090  0.1061E-02  0.1061E-02  0.1860E+03
  -2.080  0.1305E-02  0.1305E-02  0.1860E+03
  -2.070  0.1601E-02  0.1601E-02  0.1860E+03
  -2.060  0.1959E-02  0.1959E-02  0.1860E+03
  -2.050  0.2391E-02  0.2391E-02  0.1860E+03
  -2.040  0.2911E-02  0.2911E-02  0.1860E+03
  -2.030  0.3537E-02  0.3537E-02  0.1860E+03
  -2.020  0.4286E-02  0.4286E-02  0.1860E+03
  -2.010  0.5181E-02  0.5181E-02  0.1860E+03
  -2.000  0.6248E-02  0.6248E-02  0.1860E+03
  -1.990  0.7516E-02  0.7516E-02  0.1860E+03
  -1.980  0.9021E-02  0.9021E-02  0.1860E+03
  -1.970  0.1080E-01  0.1080E-01  0.1860E+03
  -1.960  0.1290E-01  0.1290E-01  0.1860E+03
  -1.950  0.1537E-01  0.1537E-01  0.1860E+03
  -1.940  0.1828E-01  0.1828E-01  0.1860E+03
  -1.930  0.2168E-01  0.2168E-01  0.1860E+03
  -1.920  0.2565E-01  0.2565E-01  0.1860E+03
  -1.910  0.3028E-01  0.3028E-01  0.1860E+03
  -1.900  0.3565E-01  0.3565E-01  0.1860E+03
  -1.890  0.4189E-01  0.4189E-01  0.1860E+03
  -1.880  0.4911E-01  0.4911E-01  0.1860E+03
  -1.870  0.5743E-01  0.5743E-01  0.1860E+03
  -1.860  0.6701E-01  0.6701E-01  0.1860E+03
  -1.850  0.7800E-01  0.7800E-01  0.1860E+03
  -1.840  0.9059E-01  0.9059E-01  0.1860E+03
  -1.830  0.1050E+00  0.1050E+00  0.1860E+03
  -1.820  0.1214E+00  0.1214E+00  0.1860E+03
  -1.810  0.1400E+00  0.1400E+00  0.1860E+03
  -1.800  0.1611E+00  0.1611E+00  0.1860E+03
  -1.790  0.1850E+00  0.1850E+00  0.1860E+03
  -1.780  0.2119E+00  0.2119E+00  0.1860E+03
  -1.770  0.2422E+00  0.2422E+00  0.1860E+03
  -1.760  0.2763E+00  0.2763E+00  0.1860E+03
  -1.750  0.3144E+00  0.3144E+00  0.1860E+03
  -1.740  0.3569E+00  0.3569E+00  0.1860E+03
  -1.730  0.4043E+00  0.4043E+00  0.1861E+03
  -1.720  0.4570E+00  0.4570E+00  0.1861E+03
  -1.710  0.5154E+00  0.5154E+00  0.1861E+03
  -1.700  0.5800E+00  0.5800E+00  0.1861E+03
  -1.690  0.6513E+00  0.6513E+00  0.1861E+03
  -1.680  0.7297E+00  0.7297E+00  0.1861E+03
  -1.670  0.8157E+00  0.8157E+00  0.1861E+03
  -1.660  0.9098E+00  0.9098E+00  0.1861E+03
  -1.650  0.1013E+01  0.1013E+01  0.1862E+03
  -1.640  0.1125E+01  0.1125E+01  0.1862E+03
  -1.630  0.1246E+01  0.1246E+01  0.1862E+03
  -1.620  0.1378E+01  0.1378E+01  0.1862E+03
  -1.610  0.1520E+01  0.1520E+01  0.1863E+03
  -1.600  0.1674E+01  0.1674E+01  0.1863E+03
  -1.590  0.1839E+01  0.1839E+01  0.1863E+03
  -1.580  0.2016E+01  0.2016E+01  0.1864E+03
  -1.570  0.2205E+01  0.2205E+01  0.1864E+03
  -1.560  0.2407E+01  0.2407E+01  0.1865E+03
  -1.550  0.2622E+01  0.2622E+01  0.1865E+03
  -1.540  0.2850E+01  0.2850E+01  0.1866E+03
  -1.530  0.3091E+01  0.3091E+01  0.1866E+03
  -1.520  0.3346E+01  0.3346E+01  0.1867E+03
  -1.510  0.3613E+01  0.3613E+01  0.1868E+03
  -1.500  0.3894E+01  0.3894E+01  0.1869E+03
  -1.490  0.4188E+01  0.4188E+01  0.1870E+03
  -1.480  0.4495E+01  0.4495E+01  0.1870E+03
  -1.470  0.4815E+01  0.4815E+01  0.1871E+03
  -1.460  0.5146E+01  0.5146E+01  0.1872E+03
  -1.450  0.5489E+01  0.5489E+01  0.1873E+03
  -1.440  0.5843E+01  0.5843E+01  0.1875E+03
  -1.430  0.6207E+01  0.6207E+01  0.1876E+03
  -1.420  0.6580E+01  0.6580E+01  0.1877E+03
  -1.410  0.6962E+01  0.6962E+01  0.1879E+03
  -1.400  0.7351E+01  0.7351E+01  0.1880E+03
  -1.390  0.7746E+01  0.7746E+01  0.1882E+03
  -1.380  0.8146E+01  0.8146E+01  0.1883E+03
  -1.370  0.8550E+01  0.8550E+01  0.1885E+03
  -1.360  0.8957E+01  0.8957E+01  0.1887E+03
  -1.350  0.9365E+01  0.9365E+01  0.1889E+03
  -1.340  0.9772E+01  0.9772E+01  0.1891E+03
  -1.330  0.1018E+02  0.1018E+02  0.1893E+03
  -1.320  0.1058E+02  0.1058E+02  0.1895E+03
  -1.310  0.1098E+02  0.1098E+02  0.1897E+03
  -1.300  0.1137E+02  0.1137E+02  0.1899E+03
  -1.290  0.1176E+02  0.1176E+02  0.1902E+03
  -1.280  0.1213E+02  0.1213E+02  0.1904E+03
  -1.270  0.1250E+02  0.1250E+02  0.1906E+03
  -1.260  0.1285E+02  0.1285E+02  0.1909E+03
  -1.250  0.1320E+02  0.1320E+02  0.1912E+03
  -1.240  0.1352E+02  0.1352E+02  0.1914E+03
  -1.230  0.1384E+02  0.1384E+02  0.1917E+03
  -1.220  0.1413E+02  0.1413E+02  0.1920E+03
  -1.210  0.1441E+02  0.1441E+02  0.1923E+03
  -1.200  0.1468E+02  0.1468E+02  0.1926E+03
  -1.190  0.1492E+02  0.1492E+02  0.1929E+03
  -1.180  0.1515E+02  0.1515E+02  0.1932E+03
  -1.170  0.1535E+02  0.1535E+02  0.1935E+03
  -1.160  0.1554E+02  0.1554E+02  0.1938E+03
  -1.150  0.1571E+02  0.1571E+02  0.1941E+03
  -1.140  0.1586E+02  0.1586E+02  0.1944E+03
  -1.130  0.1599E+02  0.1599E+02  0.1948E+03
  -1.120  0.1610E+02  0.1610E+02  0.1951E+03
  -1.110  0.1619E+02  0.1619E+02  0.1954E+03
  -1.100  0.1626E+02  0.1626E+02  0.1957E+03
  -1.090  0.1631E+02  0.1631E+02  0.1960E+03
  -1.080  0.1634E+02  0.1634E+02  0.1964E+03
  -1.070  0.1636E+02  0.1636E+02  0.1967E+03
  -1.060  0.1637E+02  0.1637E+02  0.1970E+03
  -1.050  0.1635E+02  0.1635E+02  0.1974E+03
  -1.040  0.1632E+02  0.1632E+02  0.1977E+03
  -1.030  0.1628E+02  0.1628E+02  0.1980E+03
  -1.020  0.1622E+02  0.1622E+02  0.1983E+03
  -1.010  0.1616E+02  0.1616E+02  0.1987E+03
  -1.000  0.1608E+02  0.1608E+02  0.1990E+03
  -0.990  0.1599E+02  0.1599E+02  0.1993E+03
  -0.980  0.1589E+02  0.1589E+02  0.1996E+03
  -0.970  0.1578E+02  0.1578E+02  0.1999E+03
  -0.960  0.1567E+02  0.1567E+02  0.2002E+03
  -0.950  0.1554E+02  0.1554E+02  0.2006E+03
  -0.940  0.1542E+02  0.1542E+02  0.2009E+03
  -0.930  0.1528E+02  0.1528E+02  0.2012E+03
  -0.920  0.1515E+02  0.1515E+02  0.2015E+03
  -0.910  0.1500E+02  0.1500E+02  0.2018E+03
  -0.900  0.1486E+02  0.1486E+02  0.2021E+03
  -0.890  0.1472E+02  0.1472E+02  0.2024E+03
  -0.880  0.1457E+02  0.1457E+02  0.2027E+03
  -0.870  0.1443E+02  0.1443E+02  0.2029E+03
  -0.860  0.1428E+02  0.1428E+02  0.2032E+03
  -0.850  0.1414E+02  0.1414E+02  0.2035E+03
  -0.840  0.1399E+02  0.1399E+02  0.2038E+03
  -0.830  0.1385E+02  0.1385E+02  0.2041E+03
  -0.820  0.1372E+02  0.1372E+02  0.2043E+03
  -0.810  0.1358E+02  0.1358E+02  0.2046E+03
  -0.800  0.1345E+02  0.1345E+02  0.2049E+03
  -0.790  0.1333E+02  0.1333E+02  0.2052E+03
  -0.780  0.1321E+02  0.1321E+02  0.2054E+03
  -0.770  0.1310E+02  0.1310E+02  0.2057E+03
  -0.760  0.1299E+02  0.1299E+02  0.2059E+03
  -0.750  0.1289E+02  0.1289E+02  0.2062E+03
  -0.740  0.1279E+02  0.1279E+02  0.2065E+03
  -0.730  0.1271E+02  0.1271E+02  0.2067E+03
  -0.720  0.1263E+02  0.1263E+02  0.2070E+03
  -0.710  0.1256E+02  0.1256E+02  0.2072E+03
  -0.700  0.1250E+02  0.1250E+02  0.2075E+03
  -0.690  0.1244E+02  0.1244E+02  0.2077E+03
  -0.680  0.1240E+02  0.1240E+02  0.2080E+03
  -0.670  0.1236E+02  0.1236E+02  0.2082E+03
  -0.660  0.1233E+02  0.1233E+02  0.2084E+03
  -0.650  0.1231E+02  0.1231E+02  0.2087E+03
  -0.640  0.1231E+02  0.1231E+02  0.2089E+03
  -0.630  0.1230E+02  0.1230E+02  0.2092E+03
  -0.620  0.1231E+02  0.1231E+02  0.2094E+03
  -0.610  0.1233E+02  0.1233E+02  0.2097E+03
  -0.600  0.1236E+02  0.1236E+02  0.2099E+03
  -0.590  0.1239E+02  0.1239E+02  0.2102E+03
  -0.580  0.1243E+02  0.1243E+02  0.2104E+03
  -0.570  0.1249E+02  0.1249E+02  0.2107E+03
  -0.560  0.1254E+02  0.1254E+02  0.2109E+03
  -0.550  0.1261E+02  0.1261E+02  0.2112E+03
  -0.540  0.1268E+02  0.1268E+02  0.2114E+03
  -0.530  0.1277E+02  0.1277E+02  0.2117E+03
  -0.520  0.1285E+02  0.1285E+02  0.2119E+03
  -0.510  0.1295E+02  0.1295E+02  0.2122E+03
  -0.500  0.1304E+02  0.1304E+02  0.2125E+03
  -0.490  0.1315E+02  0.1315E+02  0.2127E+03
  -0.480  0.1326E+02  0.1326E+02  0.2130E+03
  -0.470  0.1337E+02  0.1337E+02  0.2133E+03
  -0.460  0.1349E+02  0.1349E+02  0.2135E+03
  -0.450  0.1361E+02  0.1361E+02  0.2138E+03
  -0.440  0.1374E+02  0.1374E+02  0.2141E+03
  -0.430  0.1387E+02  0.1387E+02  0.2144E+03
  -0.420  0.1400E+02  0.1400E+02  0.2146E+03
  -0.410  0.1413E+02  0.1413E+02  0.2149E+03
  -0.400  0.1427E+02  0.1427E+02  0.2152E+03
  -0.390  0.1441E+02  0.1441E+02  0.2155E+03
  -0.380  0.1455E+02  0.1455E+02  0.2158E+03
  -0.370  0.1470E+02  0.1470E+02  0.2161E+03
  -0.360  0.1485E+02  0.1485E+02  0.2164E+03
  -0.350  0.1500E+02  0.1500E+02  0.2167E+03
  -0.340  0.1515E+02  0.1515E+02  0.2170E+03
  -0.330  0.1531E+02  0.1531E+02  0.2173E+03
  -0.320  0.1546E+02  0.1546E+02  0.2176E+03
  -0.310  0.1562E+02  0.1562E+02  0.2179E+03
  -0.300  0.1579E+02  0.1579E+02  0.2182E+03
  -0.290  0.1596E+02  0.1596E+02  0.2185E+03
  -0.280  0.1613E+02  0.1613E+02  0.2189E+03
  -0.270  0.1630E+02  0.1630E+02  0.2192E+03
  -0.260  0.1648E+02  0.1648E+02  0.2195E+03
  -0.250  0.1666E+02  0.1666E+02  0.2198E+03
  -0.240  0.1684E+02  0.1684E+02  0.2202E+03
  -0.230  0.1703E+02  0.1703E+02  0.2205E+03
  -0.220  0.1723E+02  0.1723E+02  0.2209E+03
  -0.210  0.1743E+02  0.1743E+02  0.2212E+03
  -0.200  0.1763E+02  0.1763E+02  0.2216E+03
  -0.190  0.1784E+02  0.1784E+02  0.2219E+03
  -0.180  0.1805E+02  0.1805E+02  0.2223E+03
  -0.170  0.1826E+02  0.1826E+02  0.2227E+03
  -0.160  0.1848E+02  0.1848E+02  0.2230E+03
  -0.150  0.1870E+02  0.1870E+02  0.2234E+03
  -0.140  0.1893E+02  0.1893E+02  0.2238E+03
  -0.130  0.1916E+02  0.1916E+02  0.2242E+03
  -0.120  0.1939E+02  0.1939E+02  0.2245E+03
  -0.110  0.1963E+02  0.1963E+02  0.2249E+03
  -0.100  0.1986E+02  0.1986E+02  0.2253E+03
  -0.090  0.2010E+02  0.2010E+02  0.2257E+03
  -0.080  0.2034E+02  0.2034E+02  0.2261E+03
  -0.070  0.2058E+02  0.2058E+02  0.2266E+03
  -0.060  0.2082E+02  0.2082E+02  0.2270E+03
  -0.050  0.2105E+02  0.2105E+02  0.2274E+03
  -0.040  0.2129E+02  0.2129E+02  0.2278E+03
  -0.030  0.2152E+02  0.2152E+02  0.2283E+03
  -0.020  0.2174E+02  0.2174E+02  0.2287E+03
  -0.010  0.2196E+02  0.2196E+02  0.2291E+03
   0.000  0.2218E+02  0.2218E+02  0.2296E+03
   0.010  0.2239E+02  0.2239E+02  0.2300E+03
   0.020  0.2259E+02  0.2259E+02  0.2305E+03
   0.030  0.2279E+02  0.2279E+02  0.2309E+03
   0.040  0.2297E+02  0.2297E+02  0.2314E+03
   0.050  0.2315E+02  0.2315E+02  0.2318E+03
   0.060  0.2331E+02  0.2331E+02  0.2323E+03
   0.070  0.2347E+02  0.2347E+02  0.2328E+03
   0.080  0.2361E+02  0.2361E+02  0.2333E+03
   0.090  0.2374E+02  0.2374E+02  0.2337E+03
   0.100  0.2386E+02  0.2386E+02  0.2342E+03
   0.110  0.2397E+02  0.2397E+02  0.2347E+03
   0.120  0.2406E+02  0.2406E+02  0.2352E+03
   0.130  0.2414E+02  0.2414E+02  0.2357E+03
   0.140  0.2420E+02  0.2420E+02  0.2361E+03
   0.150  0.2425E+02  0.2425E+02  0.2366E+03
   0.160  0.2429E+02  0.2429E+02  0.2371E+03
   0.170  0.2431E+02  0.2431E+02  0.2376E+03
   0.180  0.2431E+02  0.2431E+02  0.2381E+03
   0.190  0.2430E+02  0.2430E+02  0.2386E+03
   0.200  0.2428E+02  0.2428E+02  0.2390E+03
   0.210  0.2424E+02  0.2424E+02  0.2395E+03
   0.220  0.2418E+02  0.2418E+02  0.2400E+03
   0.230  0.2411E+02  0.2411E+02  0.2405E+03
   0.240  0.2402E+02  0.2402E+02  0.2410E+03
   0.250  0.2392E+02  0.2392E+02  0.2415E+03
   0.260  0.2380E+02  0.2380E+02  0.2419E+03
   0.270  0.2366E+02  0.2366E+02  0.2424E+03
   0.280  0.2352E+02  0.2352E+02  0.2429E+03
   0.290  0.2335E+02  0.2335E+02  0.2433E+03
   0.300  0.2317E+02  0.2317E+02  0.2438E+03
   0.310  0.2298E+02  0.2298E+02  0.2443E+03
   0.320  0.2277E+02  0.2277E+02  0.2447E+03
   0.330  0.2254E+02  0.2254E+02  0.2452E+03
   0.340  0.2230E+02  0.2230E+02  0.2456E+03
   0.350  0.2204E+02  0.2204E+02  0.2461E+03
   0.360  0.2177E+02  0.2177E+02  0.2465E+03
   0.370  0.2148E+02  0.2148E+02  0.2469E+03
   0.380  0.2118E+02  0.2118E+02  0.2473E+03
   0.390  0.2087E+02  0.2087E+02  0.2478E+03
   0.400  0.2053E+02  0.2053E+02  0.2482E+03
   0.410  0.2019E+02  0.2019E+02  0.2486E+03
   0.420  0.1983E+02  0.1983E+02  0.2490E+03
   0.430  0.1946E+02  0.1946E+02  0.2494E+03
   0.440  0.1907E+02  0.1907E+02  0.2497E+03
   0.450  0.1867E+02  0.1867E+02  0.2501E+03
   0.460  0.1826E+02  0.1826E+02  0.2505E+03
   0.470  0.1783E+02  0.1783E+02  0.2508E+03
   0.480  0.1740E+02  0.1740E+02  0.2512E+03
   0.490  0.1695E+02  0.1695E+02  0.2515E+03
   0.500  0.1649E+02  0.1649E+02  0.2519E+03
   0.510  0.1603E+02  0.1603E+02  0.2522E+03
   0.520  0.1555E+02  0.1555E+02  0.2525E+03
   0.530  0.1507E+02  0.1507E+02  0.2528E+03
   0.540  0.1458E+02  0.1458E+02  0.2531E+03
   0.550  0.1409E+02  0.1409E+02  0.2534E+03
   0.560  0.1360E+02  0.1360E+02  0.2536E+03
   0.570  0.1310E+02  0.1310E+02  0.2539E+03
   0.580  0.1259E+02  0.1259E+02  0.2542E+03
   0.590  0.1209E+02  0.1209E+02  0.2544E+03
   0.600  0.1159E+02  0.1159E+02  0.2546E+03
   0.610  0.1109E+02  0.1109E+02  0.2548E+03
   0.620  0.1059E+02  0.1059E+02  0.2551E+03
   0.630  0.1010E+02  0.1010E+02  0.2553E+03
   0.640  0.9614E+01  0.9614E+01  0.2555E+03
   0.650  0.9134E+01  0.9134E+01  0.2556E+03
   0.660  0.8662E+01  0.8662E+01  0.2558E+03
   0.670  0.8199E+01  0.8199E+01  0.2560E+03
   0.680  0.7745E+01  0.7745E+01  0.2561E+03
   0.690  0.7303E+01  0.7303E+01  0.2563E+03
   0.700  0.6872E+01  0.6872E+01  0.2564E+03
   0.710  0.6454E+01  0.6454E+01  0.2565E+03
   0.720  0.6049E+01  0.6049E+01  0.2567E+03
   0.730  0.5658E+01  0.5658E+01  0.2568E+03
   0.740  0.5281E+01  0.5281E+01  0.2569E+03
   0.750  0.4919E+01  0.4919E+01  0.2570E+03
   0.760  0.4572E+01  0.4572E+01  0.2571E+03
   0.770  0.4241E+01  0.4241E+01  0.2572E+03
   0.780  0.3925E+01  0.3925E+01  0.2572E+03
   0.790  0.3625E+01  0.3625E+01  0.2573E+03
   0.800  0.3340E+01  0.3340E+01  0.2574E+03
   0.810  0.3071E+01  0.3071E+01  0.2574E+03
   0.820  0.2818E+01  0.2818E+01  0.2575E+03
   0.830  0.2580E+01  0.2580E+01  0.2575E+03
   0.840  0.2356E+01  0.2356E+01  0.2576E+03
   0.850  0.2147E+01  0.2147E+01  0.2576E+03
   0.860  0.1952E+01  0.1952E+01  0.2577E+03
   0.870  0.1771E+01  0.1771E+01  0.2577E+03
   0.880  0.1603E+01  0.1603E+01  0.2577E+03
   0.890  0.1448E+01  0.1448E+01  0.2578E+03
   0.900  0.1304E+01  0.1304E+01  0.2578E+03
   0.910  0.1172E+01  0.1172E+01  0.2578E+03
   0.920  0.1051E+01  0.1051E+01  0.2578E+03
   0.930  0.9404E+00  0.9404E+00  0.2579E+03
   0.940  0.8394E+00  0.8394E+00  0.2579E+03
   0.950  0.7474E+00  0.7474E+00  0.2579E+03
   0.960  0.6639E+00  0.6639E+00  0.2579E+03
   0.970  0.5883E+00  0.5883E+00  0.2579E+03
   0.980  0.5201E+00  0.5201E+00  0.2579E+03
   0.990  0.4587E+00  0.4587E+00  0.2579E+03
   1.000  0.4036E+00  0.4036E+00  0.2579E+03
   1.010  0.3543E+00  0.3543E+00  0.2579E+03
   1.020  0.3102E+00  0.3102E+00  0.2580E+03
   1.030  0.2709E+00  0.2709E+00  0.2580E+03
   1.040  0.2361E+00  0.2361E+00  0.2580E+03
   1.050  0.2052E+00  0.2052E+00  0.2580E+03
   1.060  0.1779E+00  0.1779E+00  0.2580E+03
   1.070  0.1539E+00  0.1539E+00  0.2580E+03
   1.080  0.1328E+00  0.1328E+00  0.2580E+03
   1.090  0.1143E+00  0.1143E+00  0.2580E+03
   1.100  0.9816E-01  0.9816E-01  0.2580E+03
   1.110  0.8407E-01  0.8407E-01  0.2580E+03
   1.120  0.7183E-01  0.7183E-01  0.2580E+03
   1.130  0.6122E-01  0.6122E-01  0.2580E+03
   1.140  0.5205E-01  0.5205E-01  0.2580E+03
   1.150  0.4414E-01  0.4414E-01  0.2580E+03
   1.160  0.3734E-01  0.3734E-01  0.2580E+03
   1.170  0.3151E-01  0.3151E-01  0.2580E+03
   1.180  0.2652E-01  0.2652E-01  0.2580E+03
   1.190  0.2227E-01  0.2227E-01  0.2580E+03
   1.200  0.1865E-01  0.1865E-01  0.2580E+03
   1.210  0.1558E-01  0.1558E-01  0.2580E+03
   1.220  0.1298E-01  0.1298E-01  0.2580E+03
   1.230  0.1079E-01  0.1079E-01  0.2580E+03
   1.240  0.8949E-02  0.8949E-02  0.2580E+03
   1.250  0.7402E-02  0.7402E-02  0.2580E+03
   1.260  0.6106E-02  0.6106E-02  0.2580E+03
   1.270  0.5025E-02  0.5025E-02  0.2580E+03
   1.280  0.4124E-02  0.4124E-02  0.2580E+03
   1.290  0.3377E-02  0.3377E-02  0.2580E+03
   1.300  0.2758E-02  0.2758E-02  0.2580E+03
   1.310  0.2246E-02  0.2246E-02  0.2580E+03
   1.320  0.1825E-02  0.1825E-02  0.2580E+03
   1.330  0.1479E-02  0.1479E-02  0.2580E+03
   1.340  0.1196E-02  0.1196E-02  0.2580E+03
   1.350  0.9643E-03  0.9643E-03  0.2580E+03
   1.360  0.7756E-03  0.7756E-03  0.2580E+03
   1.370  0.6222E-03  0.6222E-03  0.2580E+03
   1.380  0.4979E-03  0.4979E-03  0.2580E+03
   1.390  0.3974E-03  0.3974E-03  0.2580E+03
   1.400  0.3164E-03  0.3164E-03  0.2580E+03
   1.410  0.2512E-03  0.2512E-03  0.2580E+03
   1.420  0.1990E-03  0.1990E-03  0.2580E+03
   1.430  0.1572E-03  0.1572E-03  0.2580E+03
   1.440  0.1239E-03  0.1239E-03  0.2580E+03
   1.450  0.9736E-04  0.9736E-04  0.2580E+03
   1.460  0.7633E-04  0.7633E-04  0.2580E+03
   1.470  0.5968E-04  0.5968E-04  0.2580E+03
   1.480  0.4655E-04  0.4655E-04  0.2580E+03
   1.490  0.3621E-04  0.3621E-04  0.2580E+03
   1.500  0.2810E-04  0.2810E-04  0.2580E+03
   1.510  0.2174E-04  0.2174E-04  0.2580E+03
   1.520  0.1678E-04  0.1678E-04  0.2580E+03
   1.530  0.1292E-04  0.1292E-04  0.2580E+03
   1.540  0.9923E-05  0.9923E-05  0.2580E+03
   1.550  0.7601E-05  0.7601E-05  0.2580E+03
   1.560  0.5807E-05  0.5807E-05  0.2580E+03
   1.570  0.4425E-05  0.4425E-05  0.2580E+03
   1.580  0.3363E-05  0.3363E-05  0.2580E+03
   1.590  0.2549E-05  0.2549E-05  0.2580E+03
   1.600  0.1927E-05  0.1927E-05  0.2580E+03
   1.610  0.1453E-05  0.1453E-05  0.2580E+03
   1.620  0.1093E-05  0.1093E-05  0.2580E+03
   1.630  0.8202E-06  0.8202E-06  0.2580E+03
   1.640  0.6137E-06  0.6137E-06  0.2580E+03
   1.650  0.4580E-06  0.4580E-06  0.2580E+03
   1.660  0.3409E-06  0.3409E-06  0.2580E+03
   1.670  0.2531E-06  0.2531E-06  0.2580E+03
   1.680  0.1874E-06  0.1874E-06  0.2580E+03
   1.690  0.1384E-06  0.1384E-06  0.2580E+03
   1.700  0.1020E-06  0.1020E-06  0.2580E+03
   1.710  0.7492E-07  0.7492E-07  0.2580E+03
   1.720  0.5490E-07  0.5490E-07  0.2580E+03
   1.730  0.4013E-07  0.4013E-07  0.2580E+03
   1.740  0.2925E-07  0.2925E-07  0.2580E+03
   1.750  0.2127E-07  0.2127E-07  0.2580E+03
   1.760  0.1542E-07  0.1542E-07  0.2580E+03
   1.770  0.1116E-07  0.1116E-07  0.2580E+03
   1.780  0.8047E-08  0.8047E-08  0.2580E+03
   1.790  0.5790E-08  0.5790E-08  0.2580E+03
   1.800  0.4155E-08  0.4155E-08  0.2580E+03
   1.810  0.2974E-08  0.2974E-08  0.2580E+03
   1.820  0.2123E-08  0.2123E-08  0.2580E+03
   1.830  0.1511E-08  0.1511E-08  0.2580E+03
   1.840  0.1073E-08  0.1073E-08  0.2580E+03
   1.850  0.7601E-09  0.7601E-09  0.2580E+03
   1.860  0.5369E-09  0.5369E-09  0.2580E+03
   1.870  0.3783E-09  0.3783E-09  0.2580E+03
   1.880  0.2658E-09  0.2658E-09  0.2580E+03
   1.890  0.1863E-09  0.1863E-09  0.2580E+03
   1.900  0.1302E-09  0.1302E-09  0.2580E+03
   1.910  0.9077E-10  0.9077E-10  0.2580E+03
   1.920  0.6311E-10  0.6311E-10  0.2580E+03
   1.930  0.4376E-10  0.4376E-10  0.2580E+03
   1.940  0.3027E-10  0.3027E-10  0.2580E+03
   1.950  0.2088E-10  0.2088E-10  0.2580E+03
   1.960  0.1436E-10  0.1436E-10  0.2580E+03
   1.970  0.9857E-11  0.9857E-11  0.2580E+03
   1.980  0.6746E-11  0.6746E-11  0.2580E+03
   1.990  0.4604E-11  0.4604E-11  0.2580E+03
   2.000  0.3134E-11  0.3134E-11  0.2580E+03
   2.010  0.2128E-11  0.2128E-11  0.2580E+03
   2.020  0.1441E-11  0.1441E-11  0.2580E+03
   2.030  0.9732E-12  0.9732E-12  0.2580E+03
   2.040  0.6556E-12  0.6556E-12  0.2580E+03
   2.050  0.4404E-12  0.4404E-12  0.2580E+03
   2.060  0.2951E-12  0.2951E-12  0.2580E+03
   2.070  0.1972E-12  0.1972E-12  0.2580E+03
   2.080  0.1314E-12  0.1314E-12  0.2580E+03
   2.090  0.8736E-13  0.8736E-13  0.2580E+03
   2.100  0.5791E-13  0.5791E-13  0.2580E+03
   2.110  0.3829E-13  0.3829E-13  0.2580E+03
   2.120  0.2525E-13  0.2525E-13  0.2580E+03
   2.130  0.1661E-13  0.1661E-13  0.2580E+03
   2.140  0.1089E-13  0.1089E-13  0.2580E+03
   2.150  0.7126E-14  0.7126E-14  0.2580E+03
   2.160  0.4650E-14  0.4650E-14  0.2580E+03
   2.170  0.3026E-14  0.3026E-14  0.2580E+03
   2.180  0.1964E-14  0.1964E-14  0.2580E+03
   2.190  0.1271E-14  0.1271E-14  0.2580E+03
   2.200  0.8205E-15  0.8205E-15  0.2580E+03
   2.210  0.5283E-15  0.5283E-15  0.2580E+03
   2.220  0.3392E-15  0.3392E-15  0.2580E+03
   2.230  0.2173E-15  0.2173E-15  0.2580E+03
   2.240  0.1388E-15  0.1388E-15  0.2580E+03
   2.250  0.8840E-16  0.8840E-16  0.2580E+03
   2.260  0.5616E-16  0.5616E-16  0.2580E+03
   2.270  0.3558E-16  0.3558E-16  0.2580E+03
   2.280  0.2249E-16  0.2249E-16  0.2580E+03
   2.290  0.1417E-16  0.1417E-16  0.2580E+03
   2.300  0.8909E-17  0.8909E-17  0.2580E+03
   2.310  0.5585E-17  0.5585E-17  0.2580E+03
   2.320  0.3492E-17  0.3492E-17  0.2580E+03
   2.330  0.2178E-17  0.2178E-17  0.2580E+03
   2.340  0.1354E-17  0.1354E-17  0.2580E+03
   2.350  0.8399E-18  0.8400E-18  0.2580E+03
   2.360  0.5196E-18  0.5196E-18  0.2580E+03
   2.370  0.3206E-18  0.3206E-18  0.2580E+03
   2.380  0.1972E-18  0.1972E-18  0.2580E+03
   2.390  0.1210E-18  0.1210E-18  0.2580E+03
   2.400  0.7408E-19  0.7408E-19  0.2580E+03
   2.410  0.4522E-19  0.4522E-19  0.2580E+03
   2.420  0.2752E-19  0.2753E-19  0.2580E+03
   2.430  0.1671E-19  0.1671E-19  0.2580E+03
   2.440  0.1012E-19  0.1012E-19  0.2580E+03
   2.450  0.6111E-20  0.6111E-20  0.2580E+03
   2.460  0.3680E-20  0.3680E-20  0.2580E+03
   2.470  0.2211E-20  0.2211E-20  0.2580E+03
   2.480  0.1324E-20  0.1324E-20  0.2580E+03
   2.490  0.7912E-21  0.7912E-21  0.2580E+03
   2.500  0.4715E-21  0.4715E-21  0.2580E+03
   2.510  0.2802E-21  0.2802E-21  0.2580E+03
   2.520  0.1661E-21  0.1661E-21  0.2580E+03
   2.530  0.9815E-22  0.9815E-22  0.2580E+03
   2.540  0.5786E-22  0.5786E-22  0.2580E+03
   2.550  0.3402E-22  0.3402E-22  0.2580E+03
   2.560  0.1995E-22  0.1995E-22  0.2580E+03
   2.570  0.1167E-22  0.1167E-22  0.2580E+03
   2.580  0.6803E-23  0.6803E-23  0.2580E+03
   2.590  0.3957E-23  0.3957E-23  0.2580E+03
   2.600  0.2296E-23  0.2296E-23  0.2580E+03
   2.610  0.1328E-23  0.1328E-23  0.2580E+03
   2.620  0.7664E-24  0.7664E-24  0.2580E+03
   2.630  0.4410E-24  0.4410E-24  0.2580E+03
   2.640  0.2531E-24  0.2531E-24  0.2580E+03
   2.650  0.1449E-24  0.1449E-24  0.2580E+03
   2.660  0.8270E-25  0.8270E-25  0.2580E+03
   2.670  0.4708E-25  0.4708E-25  0.2580E+03
   2.680  0.2673E-25  0.2673E-25  0.2580E+03
   2.690  0.1514E-25  0.1514E-25  0.2580E+03
   2.700  0.8549E-26  0.8549E-26  0.2580E+03
   2.710  0.4815E-26  0.4815E-26  0.2580E+03
   2.720  0.2705E-26  0.2705E-26  0.2580E+03
   2.730  0.1515E-26  0.1515E-26  0.2580E+03
   2.740  0.8466E-27  0.8466E-27  0.2580E+03
   2.750  0.4718E-27  0.4718E-27  0.2580E+03
   2.760  0.2622E-27  0.2622E-27  0.2580E+03
   2.770  0.1453E-27  0.1453E-27  0.2580E+03
   2.780  0.8032E-28  0.8032E-28  0.2580E+03
   2.790  0.4428E-28  0.4428E-28  0.2580E+03
   2.800  0.2434E-28  0.2434E-28  0.2580E+03
   2.810  0.1335E-28  0.1335E-28  0.2580E+03
   2.820  0.7299E-29  0.7299E-29  0.2580E+03
   2.830  0.3980E-29  0.3981E-29  0.2580E+03
   2.840  0.2165E-29  0.2165E-29  0.2580E+03
   2.850  0.1174E-29  0.1174E-29  0.2580E+03
   2.860  0.6353E-30  0.6353E-30  0.2580E+03
   2.870  0.3428E-30  0.3428E-30  0.2580E+03
   2.880  0.1845E-30  0.1845E-30  0.2580E+03
   2.890  0.9899E-31  0.9899E-31  0.2580E+03
   2.900  0.5298E-31  0.5298E-31  0.2580E+03
   2.910  0.2828E-31  0.2828E-31  0.2580E+03
   2.920  0.1505E-31  0.1505E-31  0.2580E+03
   2.930  0.7992E-32  0.7992E-32  0.2580E+03
   2.940  0.4231E-32  0.4231E-32  0.2580E+03
   2.950  0.2234E-32  0.2234E-32  0.2580E+03
   2.960  0.1177E-32  0.1177E-32  0.2580E+03
   2.970  0.6180E-33  0.6180E-33  0.2580E+03
   2.980  0.3237E-33  0.3237E-33  0.2580E+03
   2.990  0.1691E-33  0.1691E-33  0.2580E+03
   3.000  0.8811E-34  0.8811E-34  0.2580E+03
   3.010  0.4578E-34  0.4578E-34  0.2580E+03
   3.020  0.2372E-34  0.2372E-34  0.2580E+03
   3.030  0.1226E-34  0.1226E-34  0.2580E+03
   3.040  0.6319E-35  0.6320E-35  0.2580E+03
   3.050  0.3248E-35  0.3248E-35  0.2580E+03
   3.060  0.1665E-35  0.1665E-35  0.2580E+03
   3.070  0.8514E-36  0.8514E-36  0.2580E+03
   3.080  0.4341E-36  0.4341E-36  0.2580E+03
   3.090  0.2208E-36  0.2208E-36  0.2580E+03
   3.100  0.1120E-36  0.1120E-36  0.2580E+03
   3.110  0.5663E-37  0.5663E-37  0.2580E+03
   3.120  0.2857E-37  0.2857E-37  0.2580E+03
   3.130  0.1437E-37  0.1437E-37  0.2580E+03
   3.140  0.7211E-38  0.7211E-38  0.2580E+03
   3.150  0.3608E-38  0.3608E-38  0.2580E+03
   3.160  0.1800E-38  0.1801E-38  0.2580E+03
   3.170  0.8961E-39  0.8961E-39  0.2580E+03
   3.180  0.4448E-39  0.4448E-39  0.2580E+03
   3.190  0.2202E-39  0.2202E-39  0.2580E+03
   3.200  0.1087E-39  0.1087E-39  0.2580E+03
   3.210  0.5352E-40  0.5352E-40  0.2580E+03
   3.220  0.2628E-40  0.2628E-40  0.2580E+03
   3.230  0.1287E-40  0.1287E-40  0.2580E+03
   3.240  0.6285E-41  0.6285E-41  0.2580E+03
   3.250  0.3061E-41  0.3061E-41  0.2580E+03
   3.260  0.1487E-41  0.1487E-41  0.2580E+03
   3.270  0.7204E-42  0.7204E-42  0.2580E+03
   3.280  0.3481E-42  0.3481E-42  0.2580E+03
   3.290  0.1677E-42  0.1677E-42  0.2580E+03
   3.300  0.8060E-43  0.8060E-43  0.2580E+03
   3.310  0.3863E-43  0.3863E-43  0.2580E+03
   3.320  0.1846E-43  0.1846E-43  0.2580E+03
   3.330  0.8801E-44  0.8801E-44  0.2580E+03
   3.340  0.4184E-44  0.4184E-44  0.2580E+03
   3.350  0.1984E-44  0.1984E-44  0.2580E+03
   3.360  0.9380E-45  0.9380E-45  0.2580E+03
   3.370  0.4423E-45  0.4423E-45  0.2580E+03
   3.380  0.2080E-45  0.2080E-45  0.2580E+03
   3.390  0.9758E-46  0.9758E-46  0.2580E+03
   3.400  0.4564E-46  0.4564E-46  0.2580E+03
   3.410  0.2129E-46  0.2129E-46  0.2580E+03
   3.420  0.9907E-47  0.9907E-47  0.2580E+03
   3.430  0.4597E-47  0.4597E-47  0.2580E+03
   3.440  0.2127E-47  0.2127E-47  0.2580E+03
   3.450  0.9818E-48  0.9818E-48  0.2580E+03
   3.460  0.4519E-48  0.4519E-48  0.2580E+03
   3.470  0.2074E-48  0.2074E-48  0.2580E+03
   3.480  0.9496E-49  0.9496E-49  0.2580E+03
   3.490  0.4335E-49  0.4336E-49  0.2580E+03
   3.500  0.1974E-49  0.1974E-49  0.2580E+03
   3.510  0.8964E-50  0.8965E-50  0.2580E+03
   3.520  0.4060E-50  0.4060E-50  0.2580E+03
   3.530  0.1834E-50  0.1834E-50  0.2580E+03
   3.540  0.8260E-51  0.8260E-51  0.2580E+03
   3.550  0.3711E-51  0.3711E-51  0.2580E+03
   3.560  0.1662E-51  0.1662E-51  0.2580E+03
   3.570  0.7428E-52  0.7428E-52  0.2580E+03
   3.580  0.3310E-52  0.3310E-52  0.2580E+03
   3.590  0.1471E-52  0.1471E-52  0.2580E+03
   3.600  0.6520E-53  0.6520E-53  0.2580E+03
   3.610  0.2882E-53  0.2882E-53  0.2580E+03
   3.620  0.1270E-53  0.1270E-53  0.2580E+03
   3.630  0.5585E-54  0.5585E-54  0.2580E+03
   3.640  0.2449E-54  0.2449E-54  0.2580E+03
   3.650  0.1071E-54  0.1071E-54  0.2580E+03
   3.660  0.4670E-55  0.4670E-55  0.2580E+03
   3.670  0.2031E-55  0.2031E-55  0.2580E+03
   3.680  0.8810E-56  0.8810E-56  0.2580E+03
   3.690  0.3811E-56  0.3811E-56  0.2580E+03
   3.700  0.1644E-56  0.1644E-56  0.2580E+03
   3.710  0.7074E-57  0.7074E-57  0.2580E+03
   3.720  0.3035E-57  0.3035E-57  0.2580E+03
   3.730  0.1299E-57  0.1299E-57  0.2580E+03
   3.740  0.5544E-58  0.5544E-58  0.2580E+03
   3.750  0.2360E-58  0.2360E-58  0.2580E+03
   3.760  0.1002E-58  0.1002E-58  0.2580E+03
   3.770  0.4241E-59  0.4241E-59  0.2580E+03
   3.780  0.1790E-59  0.1790E-59  0.2580E+03
   3.790  0.7539E-60  0.7539E-60  0.2580E+03
   3.800  0.3166E-60  0.3166E-60  0.2580E+03
   3.810  0.1326E-60  0.1326E-60  0.2580E+03
   3.820  0.5538E-61  0.5538E-61  0.2580E+03
   3.830  0.2307E-61  0.2307E-61  0.2580E+03
   3.840  0.9582E-62  0.9583E-62  0.2580E+03
   3.850  0.3970E-62  0.3970E-62  0.2580E+03
   3.860  0.1640E-62  0.1640E-62  0.2580E+03
   3.870  0.6760E-63  0.6760E-63  0.2580E+03
   3.880  0.2778E-63  0.2778E-63  0.2580E+03
   3.890  0.1139E-63  0.1139E-63  0.2580E+03
   3.900  0.4654E-64  0.4654E-64  0.2580E+03
   3.910  0.1897E-64  0.1897E-64  0.2580E+03
   3.920  0.7713E-65  0.7713E-65  0.2580E+03
   3.930  0.3127E-65  0.3127E-65  0.2580E+03
   3.940  0.1265E-65  0.1265E-65  0.2580E+03
   3.950  0.5100E-66  0.5100E-66  0.2580E+03
   3.960  0.2051E-66  0.2051E-66  0.2580E+03
   3.970  0.8227E-67  0.8227E-67  0.2580E+03
   3.980  0.3291E-67  0.3291E-67  0.2580E+03
   3.990  0.1313E-67  0.1313E-67  0.2580E+03
   4.000  0.5223E-68  0.5224E-68  0.2580E+03
   4.010  0.2073E-68  0.2073E-68  0.2580E+03
   4.020  0.8202E-69  0.8202E-69  0.2580E+03
   4.030  0.3237E-69  0.3237E-69  0.2580E+03
   4.040  0.1274E-69  0.1274E-69  0.2580E+03
   4.050  0.5001E-70  0.5001E-70  0.2580E+03
   4.060  0.1958E-70  0.1958E-70  0.2580E+03
   4.070  0.7644E-71  0.7644E-71  0.2580E+03
   4.080  0.2976E-71  0.2976E-71  0.2580E+03
   4.090  0.1156E-71  0.1156E-71  0.2580E+03
   4.100  0.4476E-72  0.4476E-72  0.2580E+03
   4.110  0.1729E-72  0.1729E-72  0.2580E+03
   4.120  0.6659E-73  0.6659E-73  0.2580E+03
   4.130  0.2558E-73  0.2558E-73  0.2580E+03
   4.140  0.9800E-74  0.9800E-74  0.2580E+03
   4.150  0.3744E-74  0.3744E-74  0.2580E+03
   4.160  0.1427E-74  0.1427E-74  0.2580E+03
   4.170  0.5422E-75  0.5422E-75  0.2580E+03
   4.180  0.2055E-75  0.2055E-75  0.2580E+03
   4.190  0.7767E-76  0.7767E-76  0.2580E+03
   4.200  0.2928E-76  0.2928E-76  0.2580E+03
   4.210  0.1101E-76  0.1101E-76  0.2580E+03
   4.220  0.4127E-77  0.4127E-77  0.2580E+03
   4.230  0.1543E-77  0.1543E-77  0.2580E+03
   4.240  0.5754E-78  0.5755E-78  0.2580E+03
   4.250  0.2140E-78  0.2140E-78  0.2580E+03
   4.260  0.7938E-79  0.7938E-79  0.2580E+03
   4.270  0.2936E-79  0.2936E-79  0.2580E+03
   4.280  0.1083E-79  0.1083E-79  0.2580E+03
   4.290  0.3985E-80  0.3986E-80  0.2580E+03
   4.300  0.1463E-80  0.1463E-80  0.2580E+03
   4.310  0.5355E-81  0.5355E-81  0.2580E+03
   4.320  0.1957E-81  0.1957E-81  0.2580E+03
   4.330  0.7152E-82  0.7152E-82  0.2580E+03
   4.340  0.2625E-82  0.2625E-82  0.2580E+03
   4.350  0.9790E-83  0.9790E-83  0.2580E+03
   4.360  0.3824E-83  0.3824E-83  0.2580E+03
   4.370  0.1667E-83  0.1667E-83  0.2580E+03
   4.380  0.8914E-84  0.8914E-84  0.2580E+03
   4.390  0.6125E-84  0.6125E-84  0.2580E+03
   4.400  0.5125E-84  0.5125E-84  0.2580E+03
   4.410  0.4767E-84  0.4767E-84  0.2580E+03
   4.420  0.4640E-84  0.4640E-84  0.2580E+03
   4.430  0.4594E-84  0.4594E-84  0.2580E+03
   4.440  0.4591E-84  0.4591E-84  0.2580E+03
   4.450  0.4591E-84  0.4591E-84  0.2580E+03
   4.460  0.4591E-84  0.4591E-84  0.2580E+03
   4.470  0.4591E-84  0.4591E-84  0.2580E+03
   4.480  0.4591E-84  0.4591E-84  0.2580E+03
   4.490  0.4591E-84  0.4591E-84  0.2580E+03
   4.500  0.4591E-84  0.4591E-84  0.2580E+03
   4.510  0.4591E-84  0.4591E-84  0.2580E+03
   4.520  0.4591E-84  0.4591E-84  0.2580E+03
   4.530  0.4591E-84  0.4591E-84  0.2580E+03
   4.540  0.4591E-84  0.4591E-84  0.2580E+03
   4.550  0.4591E-84  0.4591E-84  0.2580E+03
   4.560  0.4591E-84  0.4591E-84  0.2580E+03
   4.570  0.4591E-84  0.4591E-84  0.2580E+03
   4.580  0.4591E-84  0.4591E-84  0.2580E+03
   4.590  0.4591E-84  0.4591E-84  0.2580E+03
   4.600  0.4591E-84  0.4591E-84  0.2580E+03
   4.610  0.4591E-84  0.4591E-84  0.2580E+03
   4.620  0.4591E-84  0.4591E-84  0.2580E+03
   4.630  0.4591E-84  0.4591E-84  0.2580E+03
   4.640  0.4591E-84  0.4591E-84  0.2580E+03
   4.650  0.4591E-84  0.4591E-84  0.2580E+03
   4.660  0.4591E-84  0.4591E-84  0.2580E+03
   4.670  0.4591E-84  0.4591E-84  0.2580E+03
   4.680  0.4591E-84  0.4591E-84  0.2580E+03
   4.690  0.4591E-84  0.4591E-84  0.2580E+03
   4.700  0.4591E-84  0.4591E-84  0.2580E+03
   4.710  0.4591E-84  0.4591E-84  0.2580E+03
   4.720  0.4591E-84  0.4591E-84  0.2580E+03
   4.730  0.4591E-84  0.4591E-84  0.2580E+03
   4.740  0.4591E-84  0.4591E-84  0.2580E+03
   4.750  0.4591E-84  0.4591E-84  0.2580E+03
   4.760  0.4591E-84  0.4591E-84  0.2580E+03
   4.770  0.4591E-84  0.4591E-84  0.2580E+03
   4.780  0.4591E-84  0.4591E-84  0.2580E+03
   4.790  0.4591E-84  0.4591E-84  0.2580E+03
   4.800  0.4591E-84  0.4591E-84  0.2580E+03
   4.810  0.4591E-84  0.4591E-84  0.2580E+03
   4.820  0.4591E-84  0.4591E-84  0.2580E+03
   4.830  0.4591E-84  0.4591E-84  0.2580E+03
   4.840  0.4591E-84  0.4591E-84  0.2580E+03
   4.850  0.4591E-84  0.4591E-84  0.2580E+03
   4.860  0.4591E-84  0.4591E-84  0.2580E+03
   4.870  0.4591E-84  0.4591E-84  0.2580E+03
   4.880  0.4591E-84  0.4591E-84  0.2580E+03
   4.890  0.4591E-84  0.4591E-84  0.2580E+03
   4.900  0.4591E-84  0.4591E-84  0.2580E+03
   4.910  0.4591E-84  0.4591E-84  0.2580E+03
   4.920  0.4591E-84  0.4591E-84  0.2580E+03
   4.930  0.4591E-84  0.4591E-84  0.2580E+03
   4.940  0.4591E-84  0.4591E-84  0.2580E+03
   4.950  0.4591E-84  0.4591E-84  0.2580E+03
   4.960  0.4591E-84  0.4591E-84  0.2580E+03
   4.970  0.4591E-84  0.4591E-84  0.2580E+03
   4.980  0.4591E-84  0.4591E-84  0.2580E+03
   4.990  0.4591E-84  0.4591E-84  0.2580E+03
   5.000  0.4591E-84  0.4591E-84  0.2580E+03
