#  E (eV)   dosup(E)     dosdw(E)   Int dos(E) EFermi =   -4.451 eV
 -15.000  0.3644E-10  0.2295E-83  0.3644E-12
 -14.990  0.2527E-10  0.2295E-83  0.6171E-12
 -14.980  0.1747E-10  0.2295E-83  0.7918E-12
 -14.970  0.1205E-10  0.2295E-83  0.9123E-12
 -14.960  0.8290E-11  0.2295E-83  0.9952E-12
 -14.950  0.5687E-11  0.2295E-83  0.1052E-11
 -14.940  0.3891E-11  0.2295E-83  0.1091E-11
 -14.930  0.2656E-11  0.2295E-83  0.1118E-11
 -14.920  0.1807E-11  0.2295E-83  0.1136E-11
 -14.910  0.1227E-11  0.2295E-83  0.1148E-11
 -14.900  0.8306E-12  0.2295E-83  0.1156E-11
 -14.890  0.5608E-12  0.2295E-83  0.1162E-11
 -14.880  0.3777E-12  0.2295E-83  0.1166E-11
 -14.870  0.2537E-12  0.2295E-83  0.1168E-11
 -14.860  0.1699E-12  0.2295E-83  0.1170E-11
 -14.850  0.1135E-12  0.2295E-83  0.1171E-11
 -14.840  0.7569E-13  0.2295E-83  0.1172E-11
 -14.830  0.5035E-13  0.2295E-83  0.1172E-11
 -14.820  0.3345E-13  0.2295E-83  0.1173E-11
 -14.810  0.2223E-13  0.2295E-83  0.1173E-11
 -14.800  0.1485E-13  0.2295E-83  0.1173E-11
 -14.790  0.1006E-13  0.2295E-83  0.1173E-11
 -14.780  0.7052E-14  0.2295E-83  0.1173E-11
 -14.770  0.5308E-14  0.2295E-83  0.1173E-11
 -14.760  0.4525E-14  0.2295E-83  0.1173E-11
 -14.750  0.4561E-14  0.2295E-83  0.1173E-11
 -14.740  0.5415E-14  0.2295E-83  0.1173E-11
 -14.730  0.7222E-14  0.2295E-83  0.1173E-11
 -14.720  0.1028E-13  0.2295E-83  0.1173E-11
 -14.710  0.1507E-13  0.2295E-83  0.1174E-11
 -14.700  0.2238E-13  0.2295E-83  0.1174E-11
 -14.690  0.3336E-13  0.2295E-83  0.1174E-11
 -14.680  0.4973E-13  0.2295E-83  0.1175E-11
 -14.670  0.7404E-13  0.2295E-83  0.1175E-11
 -14.660  0.1100E-12  0.2295E-83  0.1176E-11
 -14.650  0.1630E-12  0.2295E-83  0.1178E-11
 -14.640  0.2409E-12  0.2295E-83  0.1181E-11
 -14.630  0.3552E-12  0.2295E-83  0.1184E-11
 -14.620  0.5222E-12  0.2295E-83  0.1189E-11
 -14.610  0.7658E-12  0.2295E-83  0.1197E-11
 -14.600  0.1120E-11  0.2295E-83  0.1208E-11
 -14.590  0.1634E-11  0.2295E-83  0.1224E-11
 -14.580  0.2376E-11  0.2295E-83  0.1248E-11
 -14.570  0.3448E-11  0.2295E-83  0.1283E-11
 -14.560  0.4989E-11  0.2295E-83  0.1333E-11
 -14.550  0.7200E-11  0.2295E-83  0.1405E-11
 -14.540  0.1036E-10  0.2295E-83  0.1508E-11
 -14.530  0.1488E-10  0.2295E-83  0.1657E-11
 -14.520  0.2130E-10  0.2295E-83  0.1870E-11
 -14.510  0.3041E-10  0.2295E-83  0.2174E-11
 -14.500  0.4331E-10  0.2295E-83  0.2607E-11
 -14.490  0.6151E-10  0.2295E-83  0.3222E-11
 -14.480  0.8714E-10  0.2295E-83  0.4094E-11
 -14.470  0.1231E-09  0.2295E-83  0.5325E-11
 -14.460  0.1735E-09  0.2295E-83  0.7060E-11
 -14.450  0.2438E-09  0.2295E-83  0.9497E-11
 -14.440  0.3417E-09  0.2295E-83  0.1291E-10
 -14.430  0.4776E-09  0.2295E-83  0.1769E-10
 -14.420  0.6659E-09  0.2295E-83  0.2435E-10
 -14.410  0.9259E-09  0.2295E-83  0.3361E-10
 -14.400  0.1284E-08  0.2295E-83  0.4645E-10
 -14.390  0.1776E-08  0.2295E-83  0.6421E-10
 -14.380  0.2450E-08  0.2295E-83  0.8871E-10
 -14.370  0.3371E-08  0.2295E-83  0.1224E-09
 -14.360  0.4626E-08  0.2295E-83  0.1687E-09
 -14.350  0.6331E-08  0.2295E-83  0.2320E-09
 -14.340  0.8642E-08  0.2295E-83  0.3184E-09
 -14.330  0.1176E-07  0.2295E-83  0.4360E-09
 -14.320  0.1597E-07  0.2295E-83  0.5958E-09
 -14.310  0.2163E-07  0.2295E-83  0.8121E-09
 -14.300  0.2922E-07  0.2295E-83  0.1104E-08
 -14.290  0.3936E-07  0.2295E-83  0.1498E-08
 -14.280  0.5289E-07  0.2295E-83  0.2027E-08
 -14.270  0.7087E-07  0.2295E-83  0.2736E-08
 -14.260  0.9473E-07  0.2295E-83  0.3683E-08
 -14.250  0.1263E-06  0.2295E-83  0.4946E-08
 -14.240  0.1679E-06  0.2295E-83  0.6624E-08
 -14.230  0.2226E-06  0.2295E-83  0.8851E-08
 -14.220  0.2945E-06  0.2295E-83  0.1180E-07
 -14.210  0.3884E-06  0.2295E-83  0.1568E-07
 -14.200  0.5111E-06  0.2295E-83  0.2079E-07
 -14.190  0.6707E-06  0.2295E-83  0.2750E-07
 -14.180  0.8778E-06  0.2295E-83  0.3627E-07
 -14.170  0.1146E-05  0.2295E-83  0.4773E-07
 -14.160  0.1492E-05  0.2295E-83  0.6265E-07
 -14.150  0.1938E-05  0.2295E-83  0.8203E-07
 -14.140  0.2510E-05  0.2295E-83  0.1071E-06
 -14.130  0.3242E-05  0.2295E-83  0.1396E-06
 -14.120  0.4178E-05  0.2295E-83  0.1813E-06
 -14.110  0.5370E-05  0.2295E-83  0.2350E-06
 -14.100  0.6884E-05  0.2295E-83  0.3039E-06
 -14.090  0.8801E-05  0.2295E-83  0.3919E-06
 -14.080  0.1122E-04  0.2295E-83  0.5041E-06
 -14.070  0.1428E-04  0.2295E-83  0.6469E-06
 -14.060  0.1811E-04  0.2295E-83  0.8280E-06
 -14.050  0.2292E-04  0.2295E-83  0.1057E-05
 -14.040  0.2893E-04  0.2295E-83  0.1347E-05
 -14.030  0.3643E-04  0.2295E-83  0.1711E-05
 -14.020  0.4574E-04  0.2295E-83  0.2168E-05
 -14.010  0.5729E-04  0.2295E-83  0.2741E-05
 -14.000  0.7157E-04  0.2295E-83  0.3457E-05
 -13.990  0.8919E-04  0.2295E-83  0.4349E-05
 -13.980  0.1109E-03  0.2295E-83  0.5457E-05
 -13.970  0.1374E-03  0.2295E-83  0.6832E-05
 -13.960  0.1700E-03  0.2295E-83  0.8531E-05
 -13.950  0.2096E-03  0.2295E-83  0.1063E-04
 -13.940  0.2579E-03  0.2295E-83  0.1321E-04
 -13.930  0.3165E-03  0.2295E-83  0.1637E-04
 -13.920  0.3875E-03  0.2295E-83  0.2025E-04
 -13.910  0.4731E-03  0.2295E-83  0.2498E-04
 -13.900  0.5763E-03  0.2295E-83  0.3074E-04
 -13.890  0.7001E-03  0.2295E-83  0.3774E-04
 -13.880  0.8484E-03  0.2295E-83  0.4623E-04
 -13.870  0.1026E-02  0.2295E-83  0.5648E-04
 -13.860  0.1237E-02  0.2295E-83  0.6885E-04
 -13.850  0.1487E-02  0.2295E-83  0.8372E-04
 -13.840  0.1784E-02  0.2295E-83  0.1016E-03
 -13.830  0.2135E-02  0.2295E-83  0.1229E-03
 -13.820  0.2549E-02  0.2295E-83  0.1484E-03
 -13.810  0.3036E-02  0.2295E-83  0.1788E-03
 -13.800  0.3606E-02  0.2295E-83  0.2148E-03
 -13.790  0.4273E-02  0.2295E-83  0.2575E-03
 -13.780  0.5050E-02  0.2295E-83  0.3081E-03
 -13.770  0.5955E-02  0.2295E-83  0.3676E-03
 -13.760  0.7004E-02  0.2295E-83  0.4376E-03
 -13.750  0.8217E-02  0.2295E-83  0.5198E-03
 -13.740  0.9618E-02  0.2295E-83  0.6160E-03
 -13.730  0.1123E-01  0.2295E-83  0.7283E-03
 -13.720  0.1308E-01  0.2295E-83  0.8591E-03
 -13.710  0.1520E-01  0.2295E-83  0.1011E-02
 -13.700  0.1761E-01  0.2295E-83  0.1187E-02
 -13.690  0.2036E-01  0.2295E-83  0.1391E-02
 -13.680  0.2349E-01  0.2295E-83  0.1626E-02
 -13.670  0.2703E-01  0.2295E-83  0.1896E-02
 -13.660  0.3102E-01  0.2295E-83  0.2206E-02
 -13.650  0.3552E-01  0.2295E-83  0.2561E-02
 -13.640  0.4058E-01  0.2295E-83  0.2967E-02
 -13.630  0.4624E-01  0.2295E-83  0.3430E-02
 -13.620  0.5258E-01  0.2295E-83  0.3955E-02
 -13.610  0.5963E-01  0.2295E-83  0.4552E-02
 -13.600  0.6747E-01  0.2295E-83  0.5226E-02
 -13.590  0.7616E-01  0.2295E-83  0.5988E-02
 -13.580  0.8577E-01  0.2295E-83  0.6846E-02
 -13.570  0.9635E-01  0.2295E-83  0.7809E-02
 -13.560  0.1080E+00  0.2295E-83  0.8889E-02
 -13.550  0.1208E+00  0.2295E-83  0.1010E-01
 -13.540  0.1347E+00  0.2295E-83  0.1144E-01
 -13.530  0.1499E+00  0.2295E-83  0.1294E-01
 -13.520  0.1665E+00  0.2295E-83  0.1461E-01
 -13.510  0.1844E+00  0.2295E-83  0.1645E-01
 -13.500  0.2038E+00  0.2295E-83  0.1849E-01
 -13.490  0.2247E+00  0.2295E-83  0.2074E-01
 -13.480  0.2472E+00  0.2295E-83  0.2321E-01
 -13.470  0.2713E+00  0.2295E-83  0.2592E-01
 -13.460  0.2970E+00  0.2295E-83  0.2889E-01
 -13.450  0.3245E+00  0.2295E-83  0.3214E-01
 -13.440  0.3537E+00  0.2295E-83  0.3567E-01
 -13.430  0.3846E+00  0.2295E-83  0.3952E-01
 -13.420  0.4173E+00  0.2295E-83  0.4369E-01
 -13.410  0.4517E+00  0.2295E-83  0.4821E-01
 -13.400  0.4879E+00  0.2295E-83  0.5309E-01
 -13.390  0.5258E+00  0.2295E-83  0.5835E-01
 -13.380  0.5653E+00  0.2295E-83  0.6400E-01
 -13.370  0.6064E+00  0.2295E-83  0.7006E-01
 -13.360  0.6491E+00  0.2295E-83  0.7655E-01
 -13.350  0.6932E+00  0.2295E-83  0.8349E-01
 -13.340  0.7386E+00  0.2295E-83  0.9087E-01
 -13.330  0.7853E+00  0.2295E-83  0.9873E-01
 -13.320  0.8331E+00  0.2295E-83  0.1071E+00
 -13.310  0.8818E+00  0.2295E-83  0.1159E+00
 -13.300  0.9313E+00  0.2295E-83  0.1252E+00
 -13.290  0.9815E+00  0.2295E-83  0.1350E+00
 -13.280  0.1032E+01  0.2295E-83  0.1453E+00
 -13.270  0.1083E+01  0.2295E-83  0.1562E+00
 -13.260  0.1134E+01  0.2295E-83  0.1675E+00
 -13.250  0.1185E+01  0.2295E-83  0.1793E+00
 -13.240  0.1235E+01  0.2295E-83  0.1917E+00
 -13.230  0.1285E+01  0.2295E-83  0.2045E+00
 -13.220  0.1333E+01  0.2295E-83  0.2179E+00
 -13.210  0.1381E+01  0.2295E-83  0.2317E+00
 -13.200  0.1428E+01  0.2295E-83  0.2460E+00
 -13.190  0.1473E+01  0.2295E-83  0.2607E+00
 -13.180  0.1516E+01  0.2295E-83  0.2758E+00
 -13.170  0.1558E+01  0.2295E-83  0.2914E+00
 -13.160  0.1597E+01  0.2295E-83  0.3074E+00
 -13.150  0.1634E+01  0.2295E-83  0.3237E+00
 -13.140  0.1668E+01  0.2295E-83  0.3404E+00
 -13.130  0.1700E+01  0.2295E-83  0.3574E+00
 -13.120  0.1730E+01  0.2295E-83  0.3747E+00
 -13.110  0.1756E+01  0.2295E-83  0.3923E+00
 -13.100  0.1779E+01  0.2295E-83  0.4101E+00
 -13.090  0.1799E+01  0.2295E-83  0.4281E+00
 -13.080  0.1816E+01  0.2295E-83  0.4462E+00
 -13.070  0.1830E+01  0.2295E-83  0.4645E+00
 -13.060  0.1841E+01  0.2295E-83  0.4829E+00
 -13.050  0.1849E+01  0.2295E-83  0.5014E+00
 -13.040  0.1853E+01  0.2295E-83  0.5200E+00
 -13.030  0.1855E+01  0.2295E-83  0.5385E+00
 -13.020  0.1854E+01  0.2295E-83  0.5570E+00
 -13.010  0.1849E+01  0.2295E-83  0.5755E+00
 -13.000  0.1842E+01  0.2295E-83  0.5940E+00
 -12.990  0.1833E+01  0.2295E-83  0.6123E+00
 -12.980  0.1821E+01  0.2295E-83  0.6305E+00
 -12.970  0.1807E+01  0.2295E-83  0.6486E+00
 -12.960  0.1790E+01  0.2295E-83  0.6665E+00
 -12.950  0.1772E+01  0.2295E-83  0.6842E+00
 -12.940  0.1753E+01  0.2295E-83  0.7017E+00
 -12.930  0.1731E+01  0.2295E-83  0.7190E+00
 -12.920  0.1709E+01  0.2295E-83  0.7361E+00
 -12.910  0.1686E+01  0.2295E-83  0.7530E+00
 -12.900  0.1662E+01  0.2295E-83  0.7696E+00
 -12.890  0.1638E+01  0.2295E-83  0.7860E+00
 -12.880  0.1613E+01  0.2295E-83  0.8021E+00
 -12.870  0.1588E+01  0.2295E-83  0.8180E+00
 -12.860  0.1564E+01  0.2295E-83  0.8336E+00
 -12.850  0.1540E+01  0.2295E-83  0.8490E+00
 -12.840  0.1517E+01  0.2295E-83  0.8642E+00
 -12.830  0.1495E+01  0.2295E-83  0.8792E+00
 -12.820  0.1474E+01  0.2295E-83  0.8939E+00
 -12.810  0.1454E+01  0.2295E-83  0.9084E+00
 -12.800  0.1436E+01  0.2295E-83  0.9228E+00
 -12.790  0.1419E+01  0.2295E-83  0.9370E+00
 -12.780  0.1404E+01  0.2295E-83  0.9510E+00
 -12.770  0.1392E+01  0.2295E-83  0.9649E+00
 -12.760  0.1381E+01  0.2295E-83  0.9787E+00
 -12.750  0.1373E+01  0.2295E-83  0.9925E+00
 -12.740  0.1367E+01  0.2295E-83  0.1006E+01
 -12.730  0.1364E+01  0.2295E-83  0.1020E+01
 -12.720  0.1363E+01  0.2295E-83  0.1033E+01
 -12.710  0.1365E+01  0.2295E-83  0.1047E+01
 -12.700  0.1370E+01  0.2295E-83  0.1061E+01
 -12.690  0.1378E+01  0.2295E-83  0.1075E+01
 -12.680  0.1388E+01  0.2295E-83  0.1088E+01
 -12.670  0.1401E+01  0.2295E-83  0.1102E+01
 -12.660  0.1417E+01  0.2295E-83  0.1117E+01
 -12.650  0.1435E+01  0.2295E-83  0.1131E+01
 -12.640  0.1457E+01  0.2295E-83  0.1146E+01
 -12.630  0.1480E+01  0.2295E-83  0.1160E+01
 -12.620  0.1507E+01  0.2295E-83  0.1175E+01
 -12.610  0.1536E+01  0.2295E-83  0.1191E+01
 -12.600  0.1567E+01  0.2295E-83  0.1206E+01
 -12.590  0.1601E+01  0.2295E-83  0.1222E+01
 -12.580  0.1636E+01  0.2295E-83  0.1239E+01
 -12.570  0.1674E+01  0.2295E-83  0.1256E+01
 -12.560  0.1713E+01  0.2295E-83  0.1273E+01
 -12.550  0.1754E+01  0.2295E-83  0.1290E+01
 -12.540  0.1796E+01  0.2295E-83  0.1308E+01
 -12.530  0.1839E+01  0.2295E-83  0.1327E+01
 -12.520  0.1883E+01  0.2295E-83  0.1345E+01
 -12.510  0.1927E+01  0.2295E-83  0.1365E+01
 -12.500  0.1972E+01  0.2295E-83  0.1384E+01
 -12.490  0.2017E+01  0.2295E-83  0.1405E+01
 -12.480  0.2061E+01  0.2295E-83  0.1425E+01
 -12.470  0.2105E+01  0.2295E-83  0.1446E+01
 -12.460  0.2148E+01  0.2295E-83  0.1468E+01
 -12.450  0.2190E+01  0.2295E-83  0.1490E+01
 -12.440  0.2230E+01  0.2295E-83  0.1512E+01
 -12.430  0.2269E+01  0.2295E-83  0.1535E+01
 -12.420  0.2305E+01  0.2295E-83  0.1558E+01
 -12.410  0.2340E+01  0.2295E-83  0.1581E+01
 -12.400  0.2371E+01  0.2295E-83  0.1605E+01
 -12.390  0.2400E+01  0.2295E-83  0.1629E+01
 -12.380  0.2426E+01  0.2295E-83  0.1653E+01
 -12.370  0.2449E+01  0.2295E-83  0.1677E+01
 -12.360  0.2468E+01  0.2295E-83  0.1702E+01
 -12.350  0.2484E+01  0.2295E-83  0.1727E+01
 -12.340  0.2496E+01  0.2295E-83  0.1752E+01
 -12.330  0.2505E+01  0.2295E-83  0.1777E+01
 -12.320  0.2510E+01  0.2295E-83  0.1802E+01
 -12.310  0.2510E+01  0.2295E-83  0.1827E+01
 -12.300  0.2507E+01  0.2295E-83  0.1852E+01
 -12.290  0.2501E+01  0.2295E-83  0.1877E+01
 -12.280  0.2490E+01  0.2295E-83  0.1902E+01
 -12.270  0.2476E+01  0.2295E-83  0.1927E+01
 -12.260  0.2458E+01  0.2295E-83  0.1952E+01
 -12.250  0.2437E+01  0.2295E-83  0.1976E+01
 -12.240  0.2413E+01  0.2295E-83  0.2000E+01
 -12.230  0.2385E+01  0.2295E-83  0.2024E+01
 -12.220  0.2355E+01  0.2295E-83  0.2047E+01
 -12.210  0.2322E+01  0.2295E-83  0.2071E+01
 -12.200  0.2287E+01  0.2295E-83  0.2094E+01
 -12.190  0.2250E+01  0.2295E-83  0.2116E+01
 -12.180  0.2212E+01  0.2295E-83  0.2138E+01
 -12.170  0.2171E+01  0.2295E-83  0.2160E+01
 -12.160  0.2130E+01  0.2295E-83  0.2181E+01
 -12.150  0.2087E+01  0.2295E-83  0.2202E+01
 -12.140  0.2044E+01  0.2295E-83  0.2222E+01
 -12.130  0.2001E+01  0.2295E-83  0.2243E+01
 -12.120  0.1958E+01  0.2295E-83  0.2262E+01
 -12.110  0.1914E+01  0.2295E-83  0.2281E+01
 -12.100  0.1872E+01  0.2295E-83  0.2300E+01
 -12.090  0.1829E+01  0.2295E-83  0.2318E+01
 -12.080  0.1788E+01  0.2295E-83  0.2336E+01
 -12.070  0.1748E+01  0.2295E-83  0.2354E+01
 -12.060  0.1709E+01  0.2295E-83  0.2371E+01
 -12.050  0.1671E+01  0.2295E-83  0.2387E+01
 -12.040  0.1635E+01  0.2295E-83  0.2404E+01
 -12.030  0.1601E+01  0.2295E-83  0.2420E+01
 -12.020  0.1568E+01  0.2295E-83  0.2435E+01
 -12.010  0.1537E+01  0.2295E-83  0.2451E+01
 -12.000  0.1508E+01  0.2295E-83  0.2466E+01
 -11.990  0.1481E+01  0.2295E-83  0.2481E+01
 -11.980  0.1456E+01  0.2295E-83  0.2495E+01
 -11.970  0.1432E+01  0.2295E-83  0.2510E+01
 -11.960  0.1410E+01  0.2295E-83  0.2524E+01
 -11.950  0.1390E+01  0.2295E-83  0.2538E+01
 -11.940  0.1372E+01  0.2295E-83  0.2551E+01
 -11.930  0.1355E+01  0.2295E-83  0.2565E+01
 -11.920  0.1340E+01  0.2295E-83  0.2578E+01
 -11.910  0.1326E+01  0.2295E-83  0.2592E+01
 -11.900  0.1313E+01  0.2295E-83  0.2605E+01
 -11.890  0.1301E+01  0.2295E-83  0.2618E+01
 -11.880  0.1291E+01  0.2295E-83  0.2631E+01
 -11.870  0.1281E+01  0.2295E-83  0.2643E+01
 -11.860  0.1273E+01  0.2295E-83  0.2656E+01
 -11.850  0.1264E+01  0.2295E-83  0.2669E+01
 -11.840  0.1257E+01  0.2295E-83  0.2681E+01
 -11.830  0.1250E+01  0.2295E-83  0.2694E+01
 -11.820  0.1243E+01  0.2295E-83  0.2706E+01
 -11.810  0.1237E+01  0.2295E-83  0.2719E+01
 -11.800  0.1230E+01  0.2295E-83  0.2731E+01
 -11.790  0.1224E+01  0.2295E-83  0.2743E+01
 -11.780  0.1218E+01  0.2295E-83  0.2755E+01
 -11.770  0.1212E+01  0.2295E-83  0.2767E+01
 -11.760  0.1206E+01  0.2295E-83  0.2780E+01
 -11.750  0.1200E+01  0.2295E-83  0.2792E+01
 -11.740  0.1194E+01  0.2295E-83  0.2803E+01
 -11.730  0.1188E+01  0.2295E-83  0.2815E+01
 -11.720  0.1182E+01  0.2295E-83  0.2827E+01
 -11.710  0.1176E+01  0.2295E-83  0.2839E+01
 -11.700  0.1171E+01  0.2295E-83  0.2851E+01
 -11.690  0.1165E+01  0.2295E-83  0.2862E+01
 -11.680  0.1160E+01  0.2295E-83  0.2874E+01
 -11.670  0.1156E+01  0.2295E-83  0.2885E+01
 -11.660  0.1152E+01  0.2295E-83  0.2897E+01
 -11.650  0.1149E+01  0.2295E-83  0.2908E+01
 -11.640  0.1146E+01  0.2295E-83  0.2920E+01
 -11.630  0.1145E+01  0.2295E-83  0.2931E+01
 -11.620  0.1145E+01  0.2295E-83  0.2943E+01
 -11.610  0.1146E+01  0.2295E-83  0.2954E+01
 -11.600  0.1149E+01  0.2295E-83  0.2966E+01
 -11.590  0.1154E+01  0.2295E-83  0.2977E+01
 -11.580  0.1160E+01  0.2295E-83  0.2989E+01
 -11.570  0.1169E+01  0.2295E-83  0.3001E+01
 -11.560  0.1179E+01  0.2295E-83  0.3012E+01
 -11.550  0.1193E+01  0.2295E-83  0.3024E+01
 -11.540  0.1209E+01  0.2295E-83  0.3036E+01
 -11.530  0.1227E+01  0.2295E-83  0.3049E+01
 -11.520  0.1249E+01  0.2295E-83  0.3061E+01
 -11.510  0.1273E+01  0.2295E-83  0.3074E+01
 -11.500  0.1301E+01  0.2295E-83  0.3087E+01
 -11.490  0.1333E+01  0.2295E-83  0.3100E+01
 -11.480  0.1367E+01  0.2295E-83  0.3114E+01
 -11.470  0.1406E+01  0.2295E-83  0.3128E+01
 -11.460  0.1448E+01  0.2295E-83  0.3142E+01
 -11.450  0.1494E+01  0.2295E-83  0.3157E+01
 -11.440  0.1543E+01  0.2295E-83  0.3173E+01
 -11.430  0.1597E+01  0.2295E-83  0.3189E+01
 -11.420  0.1654E+01  0.2295E-83  0.3205E+01
 -11.410  0.1715E+01  0.2295E-83  0.3223E+01
 -11.400  0.1780E+01  0.2295E-83  0.3240E+01
 -11.390  0.1849E+01  0.2295E-83  0.3259E+01
 -11.380  0.1922E+01  0.2295E-83  0.3278E+01
 -11.370  0.1998E+01  0.2295E-83  0.3298E+01
 -11.360  0.2078E+01  0.2295E-83  0.3319E+01
 -11.350  0.2162E+01  0.2295E-83  0.3340E+01
 -11.340  0.2249E+01  0.2295E-83  0.3363E+01
 -11.330  0.2339E+01  0.2295E-83  0.3386E+01
 -11.320  0.2431E+01  0.2295E-83  0.3411E+01
 -11.310  0.2527E+01  0.2295E-83  0.3436E+01
 -11.300  0.2625E+01  0.2295E-83  0.3462E+01
 -11.290  0.2725E+01  0.2295E-83  0.3489E+01
 -11.280  0.2828E+01  0.2295E-83  0.3518E+01
 -11.270  0.2932E+01  0.2295E-83  0.3547E+01
 -11.260  0.3038E+01  0.2295E-83  0.3577E+01
 -11.250  0.3145E+01  0.2295E-83  0.3609E+01
 -11.240  0.3252E+01  0.2295E-83  0.3641E+01
 -11.230  0.3361E+01  0.2295E-83  0.3675E+01
 -11.220  0.3470E+01  0.2295E-83  0.3710E+01
 -11.210  0.3579E+01  0.2295E-83  0.3745E+01
 -11.200  0.3687E+01  0.2295E-83  0.3782E+01
 -11.190  0.3796E+01  0.2295E-83  0.3820E+01
 -11.180  0.3904E+01  0.2295E-83  0.3859E+01
 -11.170  0.4010E+01  0.2295E-83  0.3899E+01
 -11.160  0.4116E+01  0.2295E-83  0.3941E+01
 -11.150  0.4221E+01  0.2295E-83  0.3983E+01
 -11.140  0.4324E+01  0.2295E-83  0.4026E+01
 -11.130  0.4426E+01  0.2295E-83  0.4070E+01
 -11.120  0.4526E+01  0.2295E-83  0.4116E+01
 -11.110  0.4625E+01  0.2295E-83  0.4162E+01
 -11.100  0.4722E+01  0.2295E-83  0.4209E+01
 -11.090  0.4817E+01  0.2295E-83  0.4257E+01
 -11.080  0.4911E+01  0.2295E-83  0.4306E+01
 -11.070  0.5003E+01  0.2295E-83  0.4356E+01
 -11.060  0.5094E+01  0.2295E-83  0.4407E+01
 -11.050  0.5184E+01  0.2295E-83  0.4459E+01
 -11.040  0.5272E+01  0.2295E-83  0.4512E+01
 -11.030  0.5360E+01  0.2295E-83  0.4565E+01
 -11.020  0.5447E+01  0.2295E-83  0.4620E+01
 -11.010  0.5533E+01  0.2295E-83  0.4675E+01
 -11.000  0.5619E+01  0.2295E-83  0.4731E+01
 -10.990  0.5705E+01  0.2295E-83  0.4788E+01
 -10.980  0.5791E+01  0.2295E-83  0.4846E+01
 -10.970  0.5877E+01  0.2295E-83  0.4905E+01
 -10.960  0.5964E+01  0.2295E-83  0.4965E+01
 -10.950  0.6051E+01  0.2295E-83  0.5025E+01
 -10.940  0.6139E+01  0.2295E-83  0.5087E+01
 -10.930  0.6228E+01  0.2295E-83  0.5149E+01
 -10.920  0.6318E+01  0.2295E-83  0.5212E+01
 -10.910  0.6410E+01  0.2295E-83  0.5276E+01
 -10.900  0.6502E+01  0.2295E-83  0.5341E+01
 -10.890  0.6596E+01  0.2295E-83  0.5407E+01
 -10.880  0.6691E+01  0.2295E-83  0.5474E+01
 -10.870  0.6787E+01  0.2295E-83  0.5542E+01
 -10.860  0.6883E+01  0.2295E-83  0.5611E+01
 -10.850  0.6981E+01  0.2295E-83  0.5681E+01
 -10.840  0.7079E+01  0.2295E-83  0.5751E+01
 -10.830  0.7177E+01  0.2295E-83  0.5823E+01
 -10.820  0.7276E+01  0.2295E-83  0.5896E+01
 -10.810  0.7373E+01  0.2295E-83  0.5970E+01
 -10.800  0.7471E+01  0.2295E-83  0.6044E+01
 -10.790  0.7567E+01  0.2295E-83  0.6120E+01
 -10.780  0.7661E+01  0.2295E-83  0.6197E+01
 -10.770  0.7753E+01  0.2295E-83  0.6274E+01
 -10.760  0.7843E+01  0.2295E-83  0.6353E+01
 -10.750  0.7930E+01  0.2295E-83  0.6432E+01
 -10.740  0.8014E+01  0.2295E-83  0.6512E+01
 -10.730  0.8093E+01  0.2295E-83  0.6593E+01
 -10.720  0.8168E+01  0.2295E-83  0.6675E+01
 -10.710  0.8238E+01  0.2295E-83  0.6757E+01
 -10.700  0.8303E+01  0.2295E-83  0.6840E+01
 -10.690  0.8362E+01  0.2295E-83  0.6924E+01
 -10.680  0.8415E+01  0.2295E-83  0.7008E+01
 -10.670  0.8461E+01  0.2295E-83  0.7092E+01
 -10.660  0.8500E+01  0.2295E-83  0.7177E+01
 -10.650  0.8532E+01  0.2295E-83  0.7263E+01
 -10.640  0.8557E+01  0.2295E-83  0.7348E+01
 -10.630  0.8575E+01  0.2295E-83  0.7434E+01
 -10.620  0.8584E+01  0.2295E-83  0.7520E+01
 -10.610  0.8586E+01  0.2295E-83  0.7606E+01
 -10.600  0.8581E+01  0.2295E-83  0.7692E+01
 -10.590  0.8568E+01  0.2295E-83  0.7777E+01
 -10.580  0.8547E+01  0.2295E-83  0.7863E+01
 -10.570  0.8519E+01  0.2295E-83  0.7948E+01
 -10.560  0.8484E+01  0.2295E-83  0.8033E+01
 -10.550  0.8442E+01  0.2295E-83  0.8117E+01
 -10.540  0.8394E+01  0.2295E-83  0.8201E+01
 -10.530  0.8340E+01  0.2295E-83  0.8285E+01
 -10.520  0.8280E+01  0.2295E-83  0.8367E+01
 -10.510  0.8215E+01  0.2295E-83  0.8449E+01
 -10.500  0.8145E+01  0.2295E-83  0.8531E+01
 -10.490  0.8071E+01  0.2295E-83  0.8612E+01
 -10.480  0.7994E+01  0.2295E-83  0.8692E+01
 -10.470  0.7914E+01  0.2295E-83  0.8771E+01
 -10.460  0.7831E+01  0.2295E-83  0.8849E+01
 -10.450  0.7746E+01  0.2295E-83  0.8926E+01
 -10.440  0.7661E+01  0.2295E-83  0.9003E+01
 -10.430  0.7574E+01  0.2295E-83  0.9079E+01
 -10.420  0.7487E+01  0.2295E-83  0.9154E+01
 -10.410  0.7400E+01  0.2295E-83  0.9228E+01
 -10.400  0.7314E+01  0.2295E-83  0.9301E+01
 -10.390  0.7228E+01  0.2295E-83  0.9373E+01
 -10.380  0.7145E+01  0.2295E-83  0.9445E+01
 -10.370  0.7063E+01  0.2295E-83  0.9515E+01
 -10.360  0.6983E+01  0.2295E-83  0.9585E+01
 -10.350  0.6905E+01  0.2295E-83  0.9654E+01
 -10.340  0.6830E+01  0.2295E-83  0.9722E+01
 -10.330  0.6758E+01  0.2295E-83  0.9790E+01
 -10.320  0.6688E+01  0.2295E-83  0.9857E+01
 -10.310  0.6622E+01  0.2295E-83  0.9923E+01
 -10.300  0.6557E+01  0.2295E-83  0.9989E+01
 -10.290  0.6496E+01  0.2295E-83  0.1005E+02
 -10.280  0.6437E+01  0.2295E-83  0.1012E+02
 -10.270  0.6381E+01  0.2295E-83  0.1018E+02
 -10.260  0.6327E+01  0.2295E-83  0.1025E+02
 -10.250  0.6275E+01  0.2295E-83  0.1031E+02
 -10.240  0.6225E+01  0.2295E-83  0.1037E+02
 -10.230  0.6177E+01  0.2295E-83  0.1043E+02
 -10.220  0.6130E+01  0.2295E-83  0.1049E+02
 -10.210  0.6084E+01  0.2295E-83  0.1055E+02
 -10.200  0.6039E+01  0.2295E-83  0.1061E+02
 -10.190  0.5996E+01  0.2295E-83  0.1067E+02
 -10.180  0.5952E+01  0.2295E-83  0.1073E+02
 -10.170  0.5909E+01  0.2295E-83  0.1079E+02
 -10.160  0.5866E+01  0.2295E-83  0.1085E+02
 -10.150  0.5823E+01  0.2295E-83  0.1091E+02
 -10.140  0.5780E+01  0.2295E-83  0.1097E+02
 -10.130  0.5737E+01  0.2295E-83  0.1102E+02
 -10.120  0.5694E+01  0.2295E-83  0.1108E+02
 -10.110  0.5650E+01  0.2295E-83  0.1114E+02
 -10.100  0.5606E+01  0.2295E-83  0.1119E+02
 -10.090  0.5562E+01  0.2295E-83  0.1125E+02
 -10.080  0.5518E+01  0.2295E-83  0.1131E+02
 -10.070  0.5475E+01  0.2295E-83  0.1136E+02
 -10.060  0.5431E+01  0.2295E-83  0.1141E+02
 -10.050  0.5388E+01  0.2295E-83  0.1147E+02
 -10.040  0.5346E+01  0.2295E-83  0.1152E+02
 -10.030  0.5305E+01  0.2295E-83  0.1157E+02
 -10.020  0.5265E+01  0.2295E-83  0.1163E+02
 -10.010  0.5226E+01  0.2295E-83  0.1168E+02
 -10.000  0.5190E+01  0.2295E-83  0.1173E+02
  -9.990  0.5155E+01  0.2295E-83  0.1178E+02
  -9.980  0.5124E+01  0.2295E-83  0.1183E+02
  -9.970  0.5094E+01  0.2295E-83  0.1189E+02
  -9.960  0.5068E+01  0.2295E-83  0.1194E+02
  -9.950  0.5046E+01  0.2295E-83  0.1199E+02
  -9.940  0.5026E+01  0.2295E-83  0.1204E+02
  -9.930  0.5011E+01  0.2295E-83  0.1209E+02
  -9.920  0.4999E+01  0.2295E-83  0.1214E+02
  -9.910  0.4991E+01  0.2295E-83  0.1219E+02
  -9.900  0.4987E+01  0.2295E-83  0.1224E+02
  -9.890  0.4987E+01  0.2295E-83  0.1229E+02
  -9.880  0.4992E+01  0.2295E-83  0.1234E+02
  -9.870  0.5000E+01  0.2295E-83  0.1239E+02
  -9.860  0.5012E+01  0.2295E-83  0.1244E+02
  -9.850  0.5028E+01  0.2295E-83  0.1249E+02
  -9.840  0.5048E+01  0.2295E-83  0.1254E+02
  -9.830  0.5071E+01  0.2295E-83  0.1259E+02
  -9.820  0.5098E+01  0.2295E-83  0.1264E+02
  -9.810  0.5127E+01  0.2295E-83  0.1269E+02
  -9.800  0.5159E+01  0.2295E-83  0.1274E+02
  -9.790  0.5194E+01  0.2295E-83  0.1279E+02
  -9.780  0.5230E+01  0.2295E-83  0.1285E+02
  -9.770  0.5269E+01  0.2295E-83  0.1290E+02
  -9.760  0.5309E+01  0.2295E-83  0.1295E+02
  -9.750  0.5350E+01  0.2295E-83  0.1301E+02
  -9.740  0.5393E+01  0.2295E-83  0.1306E+02
  -9.730  0.5436E+01  0.2295E-83  0.1311E+02
  -9.720  0.5479E+01  0.2295E-83  0.1317E+02
  -9.710  0.5523E+01  0.2295E-83  0.1322E+02
  -9.700  0.5567E+01  0.2295E-83  0.1328E+02
  -9.690  0.5612E+01  0.2295E-83  0.1334E+02
  -9.680  0.5656E+01  0.2295E-83  0.1339E+02
  -9.670  0.5700E+01  0.2295E-83  0.1345E+02
  -9.660  0.5744E+01  0.2295E-83  0.1351E+02
  -9.650  0.5788E+01  0.2295E-83  0.1356E+02
  -9.640  0.5832E+01  0.2295E-83  0.1362E+02
  -9.630  0.5877E+01  0.2295E-83  0.1368E+02
  -9.620  0.5922E+01  0.2295E-83  0.1374E+02
  -9.610  0.5968E+01  0.2295E-83  0.1380E+02
  -9.600  0.6015E+01  0.2295E-83  0.1386E+02
  -9.590  0.6063E+01  0.2295E-83  0.1392E+02
  -9.580  0.6113E+01  0.2295E-83  0.1398E+02
  -9.570  0.6165E+01  0.2295E-83  0.1404E+02
  -9.560  0.6219E+01  0.2295E-83  0.1411E+02
  -9.550  0.6276E+01  0.2295E-83  0.1417E+02
  -9.540  0.6336E+01  0.2295E-83  0.1423E+02
  -9.530  0.6400E+01  0.2295E-83  0.1430E+02
  -9.520  0.6468E+01  0.2295E-83  0.1436E+02
  -9.510  0.6540E+01  0.2295E-83  0.1443E+02
  -9.500  0.6617E+01  0.2295E-83  0.1449E+02
  -9.490  0.6698E+01  0.2295E-83  0.1456E+02
  -9.480  0.6785E+01  0.2295E-83  0.1463E+02
  -9.470  0.6877E+01  0.2295E-83  0.1470E+02
  -9.460  0.6975E+01  0.2295E-83  0.1477E+02
  -9.450  0.7079E+01  0.2295E-83  0.1484E+02
  -9.440  0.7188E+01  0.2295E-83  0.1491E+02
  -9.430  0.7303E+01  0.2295E-83  0.1498E+02
  -9.420  0.7424E+01  0.2295E-83  0.1506E+02
  -9.410  0.7550E+01  0.2295E-83  0.1513E+02
  -9.400  0.7682E+01  0.2295E-83  0.1521E+02
  -9.390  0.7819E+01  0.2295E-83  0.1529E+02
  -9.380  0.7962E+01  0.2295E-83  0.1537E+02
  -9.370  0.8109E+01  0.2295E-83  0.1545E+02
  -9.360  0.8260E+01  0.2295E-83  0.1553E+02
  -9.350  0.8415E+01  0.2295E-83  0.1561E+02
  -9.340  0.8574E+01  0.2295E-83  0.1570E+02
  -9.330  0.8736E+01  0.2295E-83  0.1579E+02
  -9.320  0.8900E+01  0.2295E-83  0.1588E+02
  -9.310  0.9066E+01  0.2295E-83  0.1597E+02
  -9.300  0.9234E+01  0.2295E-83  0.1606E+02
  -9.290  0.9402E+01  0.2295E-83  0.1615E+02
  -9.280  0.9570E+01  0.2295E-83  0.1625E+02
  -9.270  0.9737E+01  0.2295E-83  0.1635E+02
  -9.260  0.9903E+01  0.2295E-83  0.1644E+02
  -9.250  0.1007E+02  0.2295E-83  0.1655E+02
  -9.240  0.1023E+02  0.2295E-83  0.1665E+02
  -9.230  0.1039E+02  0.2295E-83  0.1675E+02
  -9.220  0.1054E+02  0.2295E-83  0.1686E+02
  -9.210  0.1070E+02  0.2295E-83  0.1696E+02
  -9.200  0.1084E+02  0.2295E-83  0.1707E+02
  -9.190  0.1099E+02  0.2295E-83  0.1718E+02
  -9.180  0.1112E+02  0.2295E-83  0.1729E+02
  -9.170  0.1125E+02  0.2295E-83  0.1741E+02
  -9.160  0.1138E+02  0.2295E-83  0.1752E+02
  -9.150  0.1150E+02  0.2295E-83  0.1763E+02
  -9.140  0.1161E+02  0.2295E-83  0.1775E+02
  -9.130  0.1172E+02  0.2295E-83  0.1787E+02
  -9.120  0.1182E+02  0.2295E-83  0.1799E+02
  -9.110  0.1191E+02  0.2295E-83  0.1811E+02
  -9.100  0.1199E+02  0.2295E-83  0.1823E+02
  -9.090  0.1207E+02  0.2295E-83  0.1835E+02
  -9.080  0.1214E+02  0.2295E-83  0.1847E+02
  -9.070  0.1221E+02  0.2295E-83  0.1859E+02
  -9.060  0.1227E+02  0.2295E-83  0.1871E+02
  -9.050  0.1233E+02  0.2295E-83  0.1884E+02
  -9.040  0.1237E+02  0.2295E-83  0.1896E+02
  -9.030  0.1242E+02  0.2295E-83  0.1908E+02
  -9.020  0.1245E+02  0.2295E-83  0.1921E+02
  -9.010  0.1249E+02  0.2295E-83  0.1933E+02
  -9.000  0.1252E+02  0.2295E-83  0.1946E+02
  -8.990  0.1254E+02  0.2295E-83  0.1958E+02
  -8.980  0.1257E+02  0.2295E-83  0.1971E+02
  -8.970  0.1259E+02  0.2295E-83  0.1984E+02
  -8.960  0.1260E+02  0.2295E-83  0.1996E+02
  -8.950  0.1262E+02  0.2295E-83  0.2009E+02
  -8.940  0.1263E+02  0.2295E-83  0.2021E+02
  -8.930  0.1265E+02  0.2295E-83  0.2034E+02
  -8.920  0.1266E+02  0.2295E-83  0.2047E+02
  -8.910  0.1267E+02  0.2295E-83  0.2059E+02
  -8.900  0.1268E+02  0.2295E-83  0.2072E+02
  -8.890  0.1269E+02  0.2295E-83  0.2085E+02
  -8.880  0.1270E+02  0.2295E-83  0.2097E+02
  -8.870  0.1272E+02  0.2295E-83  0.2110E+02
  -8.860  0.1273E+02  0.2295E-83  0.2123E+02
  -8.850  0.1275E+02  0.2295E-83  0.2136E+02
  -8.840  0.1277E+02  0.2295E-83  0.2148E+02
  -8.830  0.1278E+02  0.2295E-83  0.2161E+02
  -8.820  0.1280E+02  0.2295E-83  0.2174E+02
  -8.810  0.1283E+02  0.2295E-83  0.2187E+02
  -8.800  0.1285E+02  0.2295E-83  0.2200E+02
  -8.790  0.1288E+02  0.2295E-83  0.2213E+02
  -8.780  0.1290E+02  0.2295E-83  0.2225E+02
  -8.770  0.1293E+02  0.2295E-83  0.2238E+02
  -8.760  0.1296E+02  0.2295E-83  0.2251E+02
  -8.750  0.1300E+02  0.2295E-83  0.2264E+02
  -8.740  0.1303E+02  0.2295E-83  0.2277E+02
  -8.730  0.1306E+02  0.2295E-83  0.2290E+02
  -8.720  0.1310E+02  0.2295E-83  0.2304E+02
  -8.710  0.1314E+02  0.2295E-83  0.2317E+02
  -8.700  0.1318E+02  0.2295E-83  0.2330E+02
  -8.690  0.1321E+02  0.2295E-83  0.2343E+02
  -8.680  0.1325E+02  0.2295E-83  0.2356E+02
  -8.670  0.1329E+02  0.2295E-83  0.2370E+02
  -8.660  0.1333E+02  0.2295E-83  0.2383E+02
  -8.650  0.1337E+02  0.2295E-83  0.2396E+02
  -8.640  0.1341E+02  0.2295E-83  0.2410E+02
  -8.630  0.1346E+02  0.2295E-83  0.2423E+02
  -8.620  0.1350E+02  0.2295E-83  0.2437E+02
  -8.610  0.1354E+02  0.2295E-83  0.2450E+02
  -8.600  0.1358E+02  0.2295E-83  0.2464E+02
  -8.590  0.1362E+02  0.2295E-83  0.2477E+02
  -8.580  0.1366E+02  0.2295E-83  0.2491E+02
  -8.570  0.1370E+02  0.2295E-83  0.2505E+02
  -8.560  0.1374E+02  0.2295E-83  0.2518E+02
  -8.550  0.1378E+02  0.2295E-83  0.2532E+02
  -8.540  0.1382E+02  0.2295E-83  0.2546E+02
  -8.530  0.1385E+02  0.2295E-83  0.2560E+02
  -8.520  0.1389E+02  0.2295E-83  0.2574E+02
  -8.510  0.1393E+02  0.2295E-83  0.2588E+02
  -8.500  0.1397E+02  0.2295E-83  0.2602E+02
  -8.490  0.1401E+02  0.2295E-83  0.2616E+02
  -8.480  0.1404E+02  0.2295E-83  0.2630E+02
  -8.470  0.1408E+02  0.2295E-83  0.2644E+02
  -8.460  0.1412E+02  0.2295E-83  0.2658E+02
  -8.450  0.1416E+02  0.2295E-83  0.2672E+02
  -8.440  0.1419E+02  0.2295E-83  0.2686E+02
  -8.430  0.1423E+02  0.2295E-83  0.2701E+02
  -8.420  0.1426E+02  0.2295E-83  0.2715E+02
  -8.410  0.1430E+02  0.2295E-83  0.2729E+02
  -8.400  0.1433E+02  0.2295E-83  0.2743E+02
  -8.390  0.1437E+02  0.2295E-83  0.2758E+02
  -8.380  0.1440E+02  0.2295E-83  0.2772E+02
  -8.370  0.1443E+02  0.2295E-83  0.2787E+02
  -8.360  0.1446E+02  0.2295E-83  0.2801E+02
  -8.350  0.1449E+02  0.2295E-83  0.2816E+02
  -8.340  0.1452E+02  0.2295E-83  0.2830E+02
  -8.330  0.1454E+02  0.2295E-83  0.2845E+02
  -8.320  0.1457E+02  0.2295E-83  0.2859E+02
  -8.310  0.1459E+02  0.2295E-83  0.2874E+02
  -8.300  0.1461E+02  0.2295E-83  0.2888E+02
  -8.290  0.1463E+02  0.2295E-83  0.2903E+02
  -8.280  0.1464E+02  0.2295E-83  0.2918E+02
  -8.270  0.1465E+02  0.2295E-83  0.2932E+02
  -8.260  0.1466E+02  0.2295E-83  0.2947E+02
  -8.250  0.1467E+02  0.2295E-83  0.2962E+02
  -8.240  0.1467E+02  0.2295E-83  0.2976E+02
  -8.230  0.1467E+02  0.2295E-83  0.2991E+02
  -8.220  0.1467E+02  0.2295E-83  0.3006E+02
  -8.210  0.1466E+02  0.2295E-83  0.3020E+02
  -8.200  0.1465E+02  0.2295E-83  0.3035E+02
  -8.190  0.1464E+02  0.2295E-83  0.3050E+02
  -8.180  0.1462E+02  0.2295E-83  0.3064E+02
  -8.170  0.1460E+02  0.2295E-83  0.3079E+02
  -8.160  0.1458E+02  0.2295E-83  0.3093E+02
  -8.150  0.1456E+02  0.2295E-83  0.3108E+02
  -8.140  0.1453E+02  0.2295E-83  0.3123E+02
  -8.130  0.1450E+02  0.2295E-83  0.3137E+02
  -8.120  0.1447E+02  0.2295E-83  0.3152E+02
  -8.110  0.1443E+02  0.2295E-83  0.3166E+02
  -8.100  0.1439E+02  0.2295E-83  0.3180E+02
  -8.090  0.1435E+02  0.2295E-83  0.3195E+02
  -8.080  0.1431E+02  0.2295E-83  0.3209E+02
  -8.070  0.1427E+02  0.2295E-83  0.3223E+02
  -8.060  0.1422E+02  0.2295E-83  0.3237E+02
  -8.050  0.1417E+02  0.2295E-83  0.3252E+02
  -8.040  0.1412E+02  0.2295E-83  0.3266E+02
  -8.030  0.1407E+02  0.2295E-83  0.3280E+02
  -8.020  0.1402E+02  0.2295E-83  0.3294E+02
  -8.010  0.1396E+02  0.2295E-83  0.3308E+02
  -8.000  0.1390E+02  0.2295E-83  0.3322E+02
  -7.990  0.1384E+02  0.2295E-83  0.3336E+02
  -7.980  0.1378E+02  0.2295E-83  0.3349E+02
  -7.970  0.1372E+02  0.2295E-83  0.3363E+02
  -7.960  0.1366E+02  0.2295E-83  0.3377E+02
  -7.950  0.1359E+02  0.2295E-83  0.3390E+02
  -7.940  0.1352E+02  0.2295E-83  0.3404E+02
  -7.930  0.1345E+02  0.2295E-83  0.3417E+02
  -7.920  0.1338E+02  0.2295E-83  0.3431E+02
  -7.910  0.1330E+02  0.2295E-83  0.3444E+02
  -7.900  0.1322E+02  0.2295E-83  0.3457E+02
  -7.890  0.1314E+02  0.2295E-83  0.3470E+02
  -7.880  0.1306E+02  0.2295E-83  0.3483E+02
  -7.870  0.1298E+02  0.2295E-83  0.3496E+02
  -7.860  0.1289E+02  0.2295E-83  0.3509E+02
  -7.850  0.1280E+02  0.2295E-83  0.3522E+02
  -7.840  0.1271E+02  0.2295E-83  0.3535E+02
  -7.830  0.1261E+02  0.2295E-83  0.3547E+02
  -7.820  0.1252E+02  0.2295E-83  0.3560E+02
  -7.810  0.1242E+02  0.2295E-83  0.3572E+02
  -7.800  0.1232E+02  0.2295E-83  0.3585E+02
  -7.790  0.1223E+02  0.2295E-83  0.3597E+02
  -7.780  0.1213E+02  0.2295E-83  0.3609E+02
  -7.770  0.1203E+02  0.2295E-83  0.3621E+02
  -7.760  0.1193E+02  0.2295E-83  0.3633E+02
  -7.750  0.1183E+02  0.2295E-83  0.3645E+02
  -7.740  0.1173E+02  0.2295E-83  0.3657E+02
  -7.730  0.1164E+02  0.2295E-83  0.3668E+02
  -7.720  0.1155E+02  0.2295E-83  0.3680E+02
  -7.710  0.1146E+02  0.2295E-83  0.3691E+02
  -7.700  0.1137E+02  0.2295E-83  0.3703E+02
  -7.690  0.1129E+02  0.2295E-83  0.3714E+02
  -7.680  0.1122E+02  0.2295E-83  0.3725E+02
  -7.670  0.1115E+02  0.2295E-83  0.3736E+02
  -7.660  0.1109E+02  0.2295E-83  0.3747E+02
  -7.650  0.1103E+02  0.2295E-83  0.3758E+02
  -7.640  0.1098E+02  0.2295E-83  0.3769E+02
  -7.630  0.1094E+02  0.2295E-83  0.3780E+02
  -7.620  0.1091E+02  0.2295E-83  0.3791E+02
  -7.610  0.1088E+02  0.2295E-83  0.3802E+02
  -7.600  0.1087E+02  0.2295E-83  0.3813E+02
  -7.590  0.1086E+02  0.2295E-83  0.3824E+02
  -7.580  0.1087E+02  0.2295E-83  0.3835E+02
  -7.570  0.1088E+02  0.2295E-83  0.3846E+02
  -7.560  0.1090E+02  0.2295E-83  0.3856E+02
  -7.550  0.1093E+02  0.2295E-83  0.3867E+02
  -7.540  0.1097E+02  0.2295E-83  0.3878E+02
  -7.530  0.1102E+02  0.2295E-83  0.3889E+02
  -7.520  0.1107E+02  0.2295E-83  0.3900E+02
  -7.510  0.1114E+02  0.2295E-83  0.3912E+02
  -7.500  0.1121E+02  0.2295E-83  0.3923E+02
  -7.490  0.1129E+02  0.2295E-83  0.3934E+02
  -7.480  0.1138E+02  0.2295E-83  0.3945E+02
  -7.470  0.1147E+02  0.2295E-83  0.3957E+02
  -7.460  0.1157E+02  0.2295E-83  0.3968E+02
  -7.450  0.1168E+02  0.2295E-83  0.3980E+02
  -7.440  0.1179E+02  0.2295E-83  0.3992E+02
  -7.430  0.1190E+02  0.2295E-83  0.4004E+02
  -7.420  0.1202E+02  0.2295E-83  0.4016E+02
  -7.410  0.1214E+02  0.2295E-83  0.4028E+02
  -7.400  0.1227E+02  0.2295E-83  0.4040E+02
  -7.390  0.1239E+02  0.2295E-83  0.4053E+02
  -7.380  0.1252E+02  0.2295E-83  0.4065E+02
  -7.370  0.1266E+02  0.2295E-83  0.4078E+02
  -7.360  0.1279E+02  0.2295E-83  0.4091E+02
  -7.350  0.1292E+02  0.2295E-83  0.4104E+02
  -7.340  0.1306E+02  0.2295E-83  0.4117E+02
  -7.330  0.1319E+02  0.2295E-83  0.4130E+02
  -7.320  0.1333E+02  0.2295E-83  0.4143E+02
  -7.310  0.1347E+02  0.2295E-83  0.4157E+02
  -7.300  0.1360E+02  0.2295E-83  0.4170E+02
  -7.290  0.1374E+02  0.2295E-83  0.4184E+02
  -7.280  0.1388E+02  0.2295E-83  0.4198E+02
  -7.270  0.1402E+02  0.2295E-83  0.4212E+02
  -7.260  0.1416E+02  0.2295E-83  0.4226E+02
  -7.250  0.1430E+02  0.2295E-83  0.4240E+02
  -7.240  0.1444E+02  0.2295E-83  0.4255E+02
  -7.230  0.1458E+02  0.2295E-83  0.4269E+02
  -7.220  0.1473E+02  0.2295E-83  0.4284E+02
  -7.210  0.1487E+02  0.2295E-83  0.4299E+02
  -7.200  0.1502E+02  0.2295E-83  0.4314E+02
  -7.190  0.1516E+02  0.2295E-83  0.4329E+02
  -7.180  0.1531E+02  0.2295E-83  0.4344E+02
  -7.170  0.1546E+02  0.2295E-83  0.4360E+02
  -7.160  0.1560E+02  0.2295E-83  0.4375E+02
  -7.150  0.1575E+02  0.2295E-83  0.4391E+02
  -7.140  0.1590E+02  0.2295E-83  0.4407E+02
  -7.130  0.1605E+02  0.2295E-83  0.4423E+02
  -7.120  0.1620E+02  0.2295E-83  0.4439E+02
  -7.110  0.1635E+02  0.2295E-83  0.4456E+02
  -7.100  0.1649E+02  0.2295E-83  0.4472E+02
  -7.090  0.1664E+02  0.2295E-83  0.4489E+02
  -7.080  0.1678E+02  0.2295E-83  0.4506E+02
  -7.070  0.1693E+02  0.2295E-83  0.4523E+02
  -7.060  0.1707E+02  0.2295E-83  0.4540E+02
  -7.050  0.1720E+02  0.2295E-83  0.4557E+02
  -7.040  0.1733E+02  0.2295E-83  0.4574E+02
  -7.030  0.1746E+02  0.2295E-83  0.4592E+02
  -7.020  0.1758E+02  0.2295E-83  0.4609E+02
  -7.010  0.1770E+02  0.2295E-83  0.4627E+02
  -7.000  0.1781E+02  0.2295E-83  0.4645E+02
  -6.990  0.1792E+02  0.2295E-83  0.4663E+02
  -6.980  0.1802E+02  0.2295E-83  0.4681E+02
  -6.970  0.1811E+02  0.2295E-83  0.4699E+02
  -6.960  0.1819E+02  0.2295E-83  0.4717E+02
  -6.950  0.1827E+02  0.2295E-83  0.4735E+02
  -6.940  0.1834E+02  0.2295E-83  0.4754E+02
  -6.930  0.1840E+02  0.2295E-83  0.4772E+02
  -6.920  0.1845E+02  0.2295E-83  0.4790E+02
  -6.910  0.1849E+02  0.2295E-83  0.4809E+02
  -6.900  0.1853E+02  0.2295E-83  0.4827E+02
  -6.890  0.1855E+02  0.2295E-83  0.4846E+02
  -6.880  0.1857E+02  0.2295E-83  0.4865E+02
  -6.870  0.1858E+02  0.2295E-83  0.4883E+02
  -6.860  0.1859E+02  0.2295E-83  0.4902E+02
  -6.850  0.1858E+02  0.2295E-83  0.4920E+02
  -6.840  0.1857E+02  0.2295E-83  0.4939E+02
  -6.830  0.1855E+02  0.2295E-83  0.4957E+02
  -6.820  0.1853E+02  0.2295E-83  0.4976E+02
  -6.810  0.1850E+02  0.2295E-83  0.4994E+02
  -6.800  0.1846E+02  0.2295E-83  0.5013E+02
  -6.790  0.1842E+02  0.2295E-83  0.5031E+02
  -6.780  0.1837E+02  0.2295E-83  0.5050E+02
  -6.770  0.1832E+02  0.2295E-83  0.5068E+02
  -6.760  0.1827E+02  0.2295E-83  0.5086E+02
  -6.750  0.1821E+02  0.2295E-83  0.5104E+02
  -6.740  0.1815E+02  0.2295E-83  0.5123E+02
  -6.730  0.1808E+02  0.2295E-83  0.5141E+02
  -6.720  0.1802E+02  0.2295E-83  0.5159E+02
  -6.710  0.1795E+02  0.2295E-83  0.5177E+02
  -6.700  0.1788E+02  0.2295E-83  0.5195E+02
  -6.690  0.1781E+02  0.2295E-83  0.5212E+02
  -6.680  0.1774E+02  0.2295E-83  0.5230E+02
  -6.670  0.1766E+02  0.2295E-83  0.5248E+02
  -6.660  0.1759E+02  0.2295E-83  0.5265E+02
  -6.650  0.1751E+02  0.2295E-83  0.5283E+02
  -6.640  0.1744E+02  0.2295E-83  0.5300E+02
  -6.630  0.1736E+02  0.2295E-83  0.5318E+02
  -6.620  0.1728E+02  0.2295E-83  0.5335E+02
  -6.610  0.1720E+02  0.2295E-83  0.5352E+02
  -6.600  0.1712E+02  0.2295E-83  0.5369E+02
  -6.590  0.1704E+02  0.2295E-83  0.5386E+02
  -6.580  0.1696E+02  0.2295E-83  0.5403E+02
  -6.570  0.1688E+02  0.2295E-83  0.5420E+02
  -6.560  0.1680E+02  0.2295E-83  0.5437E+02
  -6.550  0.1672E+02  0.2295E-83  0.5454E+02
  -6.540  0.1664E+02  0.2295E-83  0.5470E+02
  -6.530  0.1655E+02  0.2295E-83  0.5487E+02
  -6.520  0.1647E+02  0.2295E-83  0.5503E+02
  -6.510  0.1639E+02  0.2295E-83  0.5520E+02
  -6.500  0.1631E+02  0.2295E-83  0.5536E+02
  -6.490  0.1622E+02  0.2295E-83  0.5552E+02
  -6.480  0.1614E+02  0.2295E-83  0.5568E+02
  -6.470  0.1606E+02  0.2295E-83  0.5584E+02
  -6.460  0.1598E+02  0.2295E-83  0.5600E+02
  -6.450  0.1591E+02  0.2295E-83  0.5616E+02
  -6.440  0.1583E+02  0.2295E-83  0.5632E+02
  -6.430  0.1576E+02  0.2295E-83  0.5648E+02
  -6.420  0.1569E+02  0.2295E-83  0.5664E+02
  -6.410  0.1562E+02  0.2295E-83  0.5679E+02
  -6.400  0.1556E+02  0.2295E-83  0.5695E+02
  -6.390  0.1550E+02  0.2295E-83  0.5710E+02
  -6.380  0.1544E+02  0.2295E-83  0.5726E+02
  -6.370  0.1539E+02  0.2295E-83  0.5741E+02
  -6.360  0.1535E+02  0.2295E-83  0.5756E+02
  -6.350  0.1531E+02  0.2295E-83  0.5772E+02
  -6.340  0.1528E+02  0.2295E-83  0.5787E+02
  -6.330  0.1525E+02  0.2295E-83  0.5802E+02
  -6.320  0.1523E+02  0.2295E-83  0.5818E+02
  -6.310  0.1521E+02  0.2295E-83  0.5833E+02
  -6.300  0.1520E+02  0.2295E-83  0.5848E+02
  -6.290  0.1520E+02  0.2295E-83  0.5863E+02
  -6.280  0.1520E+02  0.2295E-83  0.5878E+02
  -6.270  0.1521E+02  0.2295E-83  0.5894E+02
  -6.260  0.1523E+02  0.2295E-83  0.5909E+02
  -6.250  0.1525E+02  0.2295E-83  0.5924E+02
  -6.240  0.1527E+02  0.2295E-83  0.5939E+02
  -6.230  0.1530E+02  0.2295E-83  0.5955E+02
  -6.220  0.1534E+02  0.2295E-83  0.5970E+02
  -6.210  0.1538E+02  0.2295E-83  0.5985E+02
  -6.200  0.1542E+02  0.2295E-83  0.6001E+02
  -6.190  0.1546E+02  0.2295E-83  0.6016E+02
  -6.180  0.1550E+02  0.2295E-83  0.6032E+02
  -6.170  0.1555E+02  0.2295E-83  0.6047E+02
  -6.160  0.1559E+02  0.2295E-83  0.6063E+02
  -6.150  0.1563E+02  0.2295E-83  0.6078E+02
  -6.140  0.1568E+02  0.2295E-83  0.6094E+02
  -6.130  0.1572E+02  0.2295E-83  0.6110E+02
  -6.120  0.1575E+02  0.2295E-83  0.6126E+02
  -6.110  0.1579E+02  0.2295E-83  0.6141E+02
  -6.100  0.1582E+02  0.2295E-83  0.6157E+02
  -6.090  0.1584E+02  0.2295E-83  0.6173E+02
  -6.080  0.1586E+02  0.2295E-83  0.6189E+02
  -6.070  0.1587E+02  0.2295E-83  0.6205E+02
  -6.060  0.1588E+02  0.2295E-83  0.6221E+02
  -6.050  0.1588E+02  0.2295E-83  0.6237E+02
  -6.040  0.1587E+02  0.2295E-83  0.6252E+02
  -6.030  0.1586E+02  0.2295E-83  0.6268E+02
  -6.020  0.1584E+02  0.2295E-83  0.6284E+02
  -6.010  0.1581E+02  0.2295E-83  0.6300E+02
  -6.000  0.1578E+02  0.2295E-83  0.6316E+02
  -5.990  0.1574E+02  0.2295E-83  0.6331E+02
  -5.980  0.1570E+02  0.2295E-83  0.6347E+02
  -5.970  0.1565E+02  0.2295E-83  0.6363E+02
  -5.960  0.1559E+02  0.2295E-83  0.6378E+02
  -5.950  0.1553E+02  0.2295E-83  0.6394E+02
  -5.940  0.1547E+02  0.2295E-83  0.6409E+02
  -5.930  0.1540E+02  0.2295E-83  0.6425E+02
  -5.920  0.1534E+02  0.2295E-83  0.6440E+02
  -5.910  0.1527E+02  0.2295E-83  0.6455E+02
  -5.900  0.1520E+02  0.2295E-83  0.6471E+02
  -5.890  0.1513E+02  0.2295E-83  0.6486E+02
  -5.880  0.1506E+02  0.2295E-83  0.6501E+02
  -5.870  0.1499E+02  0.2295E-83  0.6516E+02
  -5.860  0.1492E+02  0.2295E-83  0.6531E+02
  -5.850  0.1486E+02  0.2295E-83  0.6546E+02
  -5.840  0.1480E+02  0.2295E-83  0.6560E+02
  -5.830  0.1475E+02  0.2295E-83  0.6575E+02
  -5.820  0.1470E+02  0.2295E-83  0.6590E+02
  -5.810  0.1465E+02  0.2295E-83  0.6604E+02
  -5.800  0.1461E+02  0.2295E-83  0.6619E+02
  -5.790  0.1458E+02  0.2295E-83  0.6634E+02
  -5.780  0.1455E+02  0.2295E-83  0.6648E+02
  -5.770  0.1452E+02  0.2295E-83  0.6663E+02
  -5.760  0.1451E+02  0.2295E-83  0.6677E+02
  -5.750  0.1450E+02  0.2295E-83  0.6692E+02
  -5.740  0.1449E+02  0.2295E-83  0.6706E+02
  -5.730  0.1449E+02  0.2295E-83  0.6721E+02
  -5.720  0.1450E+02  0.2295E-83  0.6735E+02
  -5.710  0.1451E+02  0.2295E-83  0.6750E+02
  -5.700  0.1453E+02  0.2295E-83  0.6764E+02
  -5.690  0.1455E+02  0.2295E-83  0.6779E+02
  -5.680  0.1458E+02  0.2295E-83  0.6793E+02
  -5.670  0.1461E+02  0.2295E-83  0.6808E+02
  -5.660  0.1464E+02  0.2295E-83  0.6823E+02
  -5.650  0.1468E+02  0.2295E-83  0.6837E+02
  -5.640  0.1472E+02  0.2295E-83  0.6852E+02
  -5.630  0.1476E+02  0.2295E-83  0.6867E+02
  -5.620  0.1480E+02  0.2295E-83  0.6882E+02
  -5.610  0.1485E+02  0.2295E-83  0.6896E+02
  -5.600  0.1489E+02  0.2295E-83  0.6911E+02
  -5.590  0.1493E+02  0.2295E-83  0.6926E+02
  -5.580  0.1498E+02  0.2295E-83  0.6941E+02
  -5.570  0.1502E+02  0.2295E-83  0.6956E+02
  -5.560  0.1506E+02  0.2295E-83  0.6971E+02
  -5.550  0.1510E+02  0.2295E-83  0.6986E+02
  -5.540  0.1513E+02  0.2295E-83  0.7002E+02
  -5.530  0.1517E+02  0.2295E-83  0.7017E+02
  -5.520  0.1520E+02  0.2295E-83  0.7032E+02
  -5.510  0.1523E+02  0.2295E-83  0.7047E+02
  -5.500  0.1525E+02  0.2295E-83  0.7062E+02
  -5.490  0.1528E+02  0.2295E-83  0.7078E+02
  -5.480  0.1529E+02  0.2295E-83  0.7093E+02
  -5.470  0.1531E+02  0.2295E-83  0.7108E+02
  -5.460  0.1532E+02  0.2295E-83  0.7124E+02
  -5.450  0.1532E+02  0.2295E-83  0.7139E+02
  -5.440  0.1533E+02  0.2295E-83  0.7154E+02
  -5.430  0.1532E+02  0.2295E-83  0.7170E+02
  -5.420  0.1532E+02  0.2295E-83  0.7185E+02
  -5.410  0.1531E+02  0.2295E-83  0.7200E+02
  -5.400  0.1529E+02  0.2295E-83  0.7215E+02
  -5.390  0.1527E+02  0.2295E-83  0.7231E+02
  -5.380  0.1524E+02  0.2295E-83  0.7246E+02
  -5.370  0.1522E+02  0.2295E-83  0.7261E+02
  -5.360  0.1518E+02  0.2295E-83  0.7276E+02
  -5.350  0.1514E+02  0.2295E-83  0.7292E+02
  -5.340  0.1510E+02  0.2295E-83  0.7307E+02
  -5.330  0.1505E+02  0.2295E-83  0.7322E+02
  -5.320  0.1499E+02  0.2295E-83  0.7337E+02
  -5.310  0.1494E+02  0.2295E-83  0.7352E+02
  -5.300  0.1487E+02  0.2295E-83  0.7366E+02
  -5.290  0.1480E+02  0.2295E-83  0.7381E+02
  -5.280  0.1473E+02  0.2295E-83  0.7396E+02
  -5.270  0.1465E+02  0.2295E-83  0.7411E+02
  -5.260  0.1457E+02  0.2295E-83  0.7425E+02
  -5.250  0.1448E+02  0.2295E-83  0.7440E+02
  -5.240  0.1438E+02  0.2295E-83  0.7454E+02
  -5.230  0.1428E+02  0.2295E-83  0.7468E+02
  -5.220  0.1418E+02  0.2295E-83  0.7483E+02
  -5.210  0.1407E+02  0.2295E-83  0.7497E+02
  -5.200  0.1395E+02  0.2295E-83  0.7511E+02
  -5.190  0.1383E+02  0.2295E-83  0.7524E+02
  -5.180  0.1371E+02  0.2295E-83  0.7538E+02
  -5.170  0.1358E+02  0.2295E-83  0.7552E+02
  -5.160  0.1345E+02  0.2295E-83  0.7565E+02
  -5.150  0.1331E+02  0.2295E-83  0.7578E+02
  -5.140  0.1317E+02  0.2295E-83  0.7592E+02
  -5.130  0.1303E+02  0.2295E-83  0.7605E+02
  -5.120  0.1289E+02  0.2295E-83  0.7618E+02
  -5.110  0.1274E+02  0.2295E-83  0.7630E+02
  -5.100  0.1259E+02  0.2295E-83  0.7643E+02
  -5.090  0.1243E+02  0.2295E-83  0.7655E+02
  -5.080  0.1228E+02  0.2295E-83  0.7668E+02
  -5.070  0.1212E+02  0.2295E-83  0.7680E+02
  -5.060  0.1196E+02  0.2295E-83  0.7692E+02
  -5.050  0.1181E+02  0.2295E-83  0.7703E+02
  -5.040  0.1165E+02  0.2295E-83  0.7715E+02
  -5.030  0.1149E+02  0.2295E-83  0.7727E+02
  -5.020  0.1134E+02  0.2295E-83  0.7738E+02
  -5.010  0.1119E+02  0.2295E-83  0.7749E+02
  -5.000  0.1104E+02  0.2295E-83  0.7760E+02
  -4.990  0.1089E+02  0.2295E-83  0.7771E+02
  -4.980  0.1074E+02  0.2295E-83  0.7782E+02
  -4.970  0.1060E+02  0.2295E-83  0.7792E+02
  -4.960  0.1046E+02  0.2295E-83  0.7803E+02
  -4.950  0.1032E+02  0.2295E-83  0.7813E+02
  -4.940  0.1019E+02  0.2295E-83  0.7823E+02
  -4.930  0.1006E+02  0.2295E-83  0.7833E+02
  -4.920  0.9942E+01  0.2295E-83  0.7843E+02
  -4.910  0.9825E+01  0.2295E-83  0.7853E+02
  -4.900  0.9712E+01  0.2295E-83  0.7863E+02
  -4.890  0.9605E+01  0.2295E-83  0.7873E+02
  -4.880  0.9502E+01  0.2295E-83  0.7882E+02
  -4.870  0.9405E+01  0.2295E-83  0.7891E+02
  -4.860  0.9313E+01  0.2295E-83  0.7901E+02
  -4.850  0.9225E+01  0.2295E-83  0.7910E+02
  -4.840  0.9143E+01  0.2295E-83  0.7919E+02
  -4.830  0.9065E+01  0.2295E-83  0.7928E+02
  -4.820  0.8992E+01  0.2295E-83  0.7937E+02
  -4.810  0.8924E+01  0.2295E-83  0.7946E+02
  -4.800  0.8859E+01  0.2295E-83  0.7955E+02
  -4.790  0.8799E+01  0.2295E-83  0.7964E+02
  -4.780  0.8742E+01  0.2295E-83  0.7973E+02
  -4.770  0.8688E+01  0.2295E-83  0.7981E+02
  -4.760  0.8637E+01  0.2295E-83  0.7990E+02
  -4.750  0.8589E+01  0.2295E-83  0.7998E+02
  -4.740  0.8542E+01  0.2295E-83  0.8007E+02
  -4.730  0.8498E+01  0.2295E-83  0.8015E+02
  -4.720  0.8455E+01  0.2295E-83  0.8024E+02
  -4.710  0.8412E+01  0.2295E-83  0.8032E+02
  -4.700  0.8371E+01  0.2295E-83  0.8041E+02
  -4.690  0.8329E+01  0.2295E-83  0.8049E+02
  -4.680  0.8287E+01  0.2295E-83  0.8057E+02
  -4.670  0.8244E+01  0.2295E-83  0.8066E+02
  -4.660  0.8201E+01  0.2295E-83  0.8074E+02
  -4.650  0.8155E+01  0.2295E-83  0.8082E+02
  -4.640  0.8108E+01  0.2295E-83  0.8090E+02
  -4.630  0.8058E+01  0.2295E-83  0.8098E+02
  -4.620  0.8006E+01  0.2295E-83  0.8106E+02
  -4.610  0.7950E+01  0.2295E-83  0.8114E+02
  -4.600  0.7892E+01  0.2295E-83  0.8122E+02
  -4.590  0.7829E+01  0.2295E-83  0.8130E+02
  -4.580  0.7763E+01  0.2295E-83  0.8138E+02
  -4.570  0.7693E+01  0.2295E-83  0.8145E+02
  -4.560  0.7618E+01  0.2295E-83  0.8153E+02
  -4.550  0.7540E+01  0.2295E-83  0.8160E+02
  -4.540  0.7456E+01  0.2295E-83  0.8168E+02
  -4.530  0.7368E+01  0.2295E-83  0.8175E+02
  -4.520  0.7275E+01  0.2295E-83  0.8182E+02
  -4.510  0.7178E+01  0.2295E-83  0.8190E+02
  -4.500  0.7075E+01  0.2295E-83  0.8197E+02
  -4.490  0.6968E+01  0.2295E-83  0.8204E+02
  -4.480  0.6857E+01  0.2295E-83  0.8211E+02
  -4.470  0.6741E+01  0.2295E-83  0.8217E+02
  -4.460  0.6621E+01  0.2295E-83  0.8224E+02
  -4.450  0.6498E+01  0.2295E-83  0.8230E+02
  -4.440  0.6370E+01  0.2295E-83  0.8237E+02
  -4.430  0.6239E+01  0.2295E-83  0.8243E+02
  -4.420  0.6104E+01  0.2295E-83  0.8249E+02
  -4.410  0.5967E+01  0.2295E-83  0.8255E+02
  -4.400  0.5828E+01  0.2295E-83  0.8261E+02
  -4.390  0.5686E+01  0.2295E-83  0.8267E+02
  -4.380  0.5543E+01  0.2295E-83  0.8272E+02
  -4.370  0.5398E+01  0.2295E-83  0.8278E+02
  -4.360  0.5252E+01  0.2295E-83  0.8283E+02
  -4.350  0.5106E+01  0.2295E-83  0.8288E+02
  -4.340  0.4960E+01  0.2295E-83  0.8293E+02
  -4.330  0.4815E+01  0.2295E-83  0.8298E+02
  -4.320  0.4670E+01  0.2295E-83  0.8302E+02
  -4.310  0.4526E+01  0.2295E-83  0.8307E+02
  -4.300  0.4384E+01  0.2295E-83  0.8311E+02
  -4.290  0.4244E+01  0.2295E-83  0.8316E+02
  -4.280  0.4106E+01  0.2295E-83  0.8320E+02
  -4.270  0.3972E+01  0.2295E-83  0.8324E+02
  -4.260  0.3840E+01  0.2295E-83  0.8327E+02
  -4.250  0.3712E+01  0.2295E-83  0.8331E+02
  -4.240  0.3588E+01  0.2295E-83  0.8335E+02
  -4.230  0.3468E+01  0.2295E-83  0.8338E+02
  -4.220  0.3352E+01  0.2295E-83  0.8342E+02
  -4.210  0.3241E+01  0.2295E-83  0.8345E+02
  -4.200  0.3135E+01  0.2295E-83  0.8348E+02
  -4.190  0.3035E+01  0.2295E-83  0.8351E+02
  -4.180  0.2939E+01  0.2295E-83  0.8354E+02
  -4.170  0.2849E+01  0.2295E-83  0.8357E+02
  -4.160  0.2765E+01  0.2295E-83  0.8360E+02
  -4.150  0.2687E+01  0.2295E-83  0.8362E+02
  -4.140  0.2615E+01  0.2295E-83  0.8365E+02
  -4.130  0.2549E+01  0.2295E-83  0.8367E+02
  -4.120  0.2489E+01  0.2295E-83  0.8370E+02
  -4.110  0.2435E+01  0.2295E-83  0.8372E+02
  -4.100  0.2388E+01  0.2295E-83  0.8375E+02
  -4.090  0.2347E+01  0.2295E-83  0.8377E+02
  -4.080  0.2312E+01  0.2295E-83  0.8379E+02
  -4.070  0.2284E+01  0.2295E-83  0.8382E+02
  -4.060  0.2262E+01  0.2295E-83  0.8384E+02
  -4.050  0.2246E+01  0.2295E-83  0.8386E+02
  -4.040  0.2236E+01  0.2295E-83  0.8388E+02
  -4.030  0.2232E+01  0.2295E-83  0.8391E+02
  -4.020  0.2234E+01  0.2295E-83  0.8393E+02
  -4.010  0.2242E+01  0.2295E-83  0.8395E+02
  -4.000  0.2256E+01  0.2295E-83  0.8397E+02
  -3.990  0.2274E+01  0.2295E-83  0.8400E+02
  -3.980  0.2298E+01  0.2295E-83  0.8402E+02
  -3.970  0.2327E+01  0.2295E-83  0.8404E+02
  -3.960  0.2360E+01  0.2295E-83  0.8407E+02
  -3.950  0.2397E+01  0.2295E-83  0.8409E+02
  -3.940  0.2438E+01  0.2295E-83  0.8411E+02
  -3.930  0.2482E+01  0.2295E-83  0.8414E+02
  -3.920  0.2530E+01  0.2295E-83  0.8416E+02
  -3.910  0.2580E+01  0.2295E-83  0.8419E+02
  -3.900  0.2632E+01  0.2295E-83  0.8422E+02
  -3.890  0.2686E+01  0.2295E-83  0.8424E+02
  -3.880  0.2741E+01  0.2295E-83  0.8427E+02
  -3.870  0.2797E+01  0.2295E-83  0.8430E+02
  -3.860  0.2853E+01  0.2295E-83  0.8433E+02
  -3.850  0.2909E+01  0.2295E-83  0.8436E+02
  -3.840  0.2963E+01  0.5418E-83  0.8439E+02
  -3.830  0.3016E+01  0.1527E-82  0.8442E+02
  -3.820  0.3068E+01  0.4289E-82  0.8445E+02
  -3.810  0.3116E+01  0.1202E-81  0.8448E+02
  -3.800  0.3162E+01  0.3359E-81  0.8451E+02
  -3.790  0.3204E+01  0.9363E-81  0.8454E+02
  -3.780  0.3243E+01  0.2603E-80  0.8457E+02
  -3.770  0.3276E+01  0.7215E-80  0.8461E+02
  -3.760  0.3306E+01  0.1995E-79  0.8464E+02
  -3.750  0.3329E+01  0.5500E-79  0.8467E+02
  -3.740  0.3348E+01  0.1512E-78  0.8471E+02
  -3.730  0.3361E+01  0.4148E-78  0.8474E+02
  -3.720  0.3367E+01  0.1134E-77  0.8477E+02
  -3.710  0.3367E+01  0.3094E-77  0.8481E+02
  -3.700  0.3361E+01  0.8417E-77  0.8484E+02
  -3.690  0.3349E+01  0.2283E-76  0.8487E+02
  -3.680  0.3330E+01  0.6178E-76  0.8491E+02
  -3.670  0.3304E+01  0.1667E-75  0.8494E+02
  -3.660  0.3272E+01  0.4486E-75  0.8497E+02
  -3.650  0.3233E+01  0.1204E-74  0.8501E+02
  -3.640  0.3188E+01  0.3222E-74  0.8504E+02
  -3.630  0.3138E+01  0.8602E-74  0.8507E+02
  -3.620  0.3081E+01  0.2290E-73  0.8510E+02
  -3.610  0.3019E+01  0.6079E-73  0.8513E+02
  -3.600  0.2952E+01  0.1610E-72  0.8516E+02
  -3.590  0.2880E+01  0.4251E-72  0.8519E+02
  -3.580  0.2803E+01  0.1119E-71  0.8522E+02
  -3.570  0.2722E+01  0.2940E-71  0.8524E+02
  -3.560  0.2638E+01  0.7701E-71  0.8527E+02
  -3.550  0.2551E+01  0.2012E-70  0.8530E+02
  -3.540  0.2461E+01  0.5241E-70  0.8532E+02
  -3.530  0.2369E+01  0.1362E-69  0.8534E+02
  -3.520  0.2275E+01  0.3528E-69  0.8537E+02
  -3.510  0.2180E+01  0.9118E-69  0.8539E+02
  -3.500  0.2084E+01  0.2350E-68  0.8541E+02
  -3.490  0.1987E+01  0.6040E-68  0.8543E+02
  -3.480  0.1891E+01  0.1548E-67  0.8545E+02
  -3.470  0.1795E+01  0.3958E-67  0.8547E+02
  -3.460  0.1700E+01  0.1009E-66  0.8548E+02
  -3.450  0.1606E+01  0.2566E-66  0.8550E+02
  -3.440  0.1514E+01  0.6506E-66  0.8551E+02
  -3.430  0.1424E+01  0.1645E-65  0.8553E+02
  -3.420  0.1336E+01  0.4150E-65  0.8554E+02
  -3.410  0.1251E+01  0.1044E-64  0.8555E+02
  -3.400  0.1168E+01  0.2618E-64  0.8557E+02
  -3.390  0.1088E+01  0.6551E-64  0.8558E+02
  -3.380  0.1011E+01  0.1634E-63  0.8559E+02
  -3.370  0.9377E+00  0.4067E-63  0.8560E+02
  -3.360  0.8674E+00  0.1009E-62  0.8561E+02
  -3.350  0.8004E+00  0.2498E-62  0.8561E+02
  -3.340  0.7368E+00  0.6165E-62  0.8562E+02
  -3.330  0.6767E+00  0.1517E-61  0.8563E+02
  -3.320  0.6199E+00  0.3725E-61  0.8563E+02
  -3.310  0.5666E+00  0.9121E-61  0.8564E+02
  -3.300  0.5166E+00  0.2227E-60  0.8564E+02
  -3.290  0.4700E+00  0.5423E-60  0.8565E+02
  -3.280  0.4265E+00  0.1317E-59  0.8565E+02
  -3.270  0.3862E+00  0.3190E-59  0.8566E+02
  -3.260  0.3488E+00  0.7704E-59  0.8566E+02
  -3.250  0.3144E+00  0.1856E-58  0.8566E+02
  -3.240  0.2827E+00  0.4459E-58  0.8567E+02
  -3.230  0.2537E+00  0.1068E-57  0.8567E+02
  -3.220  0.2272E+00  0.2553E-57  0.8567E+02
  -3.210  0.2031E+00  0.6083E-57  0.8567E+02
  -3.200  0.1813E+00  0.1446E-56  0.8568E+02
  -3.190  0.1615E+00  0.3427E-56  0.8568E+02
  -3.180  0.1438E+00  0.8100E-56  0.8568E+02
  -3.170  0.1279E+00  0.1910E-55  0.8568E+02
  -3.160  0.1138E+00  0.4490E-55  0.8568E+02
  -3.150  0.1013E+00  0.1053E-54  0.8568E+02
  -3.140  0.9034E-01  0.2462E-54  0.8568E+02
  -3.130  0.8078E-01  0.5741E-54  0.8568E+02
  -3.120  0.7255E-01  0.1335E-53  0.8568E+02
  -3.110  0.6556E-01  0.3097E-53  0.8568E+02
  -3.100  0.5973E-01  0.7164E-53  0.8569E+02
  -3.090  0.5498E-01  0.1653E-52  0.8569E+02
  -3.080  0.5125E-01  0.3803E-52  0.8569E+02
  -3.070  0.4849E-01  0.8726E-52  0.8569E+02
  -3.060  0.4665E-01  0.1997E-51  0.8569E+02
  -3.050  0.4569E-01  0.4557E-51  0.8569E+02
  -3.040  0.4558E-01  0.1037E-50  0.8569E+02
  -3.030  0.4630E-01  0.2355E-50  0.8569E+02
  -3.020  0.4782E-01  0.5331E-50  0.8569E+02
  -3.010  0.5015E-01  0.1204E-49  0.8569E+02
  -3.000  0.5327E-01  0.2710E-49  0.8569E+02
  -2.990  0.5719E-01  0.6085E-49  0.8569E+02
  -2.980  0.6191E-01  0.1363E-48  0.8569E+02
  -2.970  0.6745E-01  0.3044E-48  0.8569E+02
  -2.960  0.7382E-01  0.6780E-48  0.8569E+02
  -2.950  0.8106E-01  0.1506E-47  0.8569E+02
  -2.940  0.8917E-01  0.3337E-47  0.8569E+02
  -2.930  0.9820E-01  0.7372E-47  0.8570E+02
  -2.920  0.1082E+00  0.1624E-46  0.8570E+02
  -2.910  0.1191E+00  0.3570E-46  0.8570E+02
  -2.900  0.1311E+00  0.7824E-46  0.8570E+02
  -2.890  0.1441E+00  0.1710E-45  0.8570E+02
  -2.880  0.1583E+00  0.3728E-45  0.8570E+02
  -2.870  0.1735E+00  0.8104E-45  0.8570E+02
  -2.860  0.1900E+00  0.1757E-44  0.8571E+02
  -2.850  0.2077E+00  0.3799E-44  0.8571E+02
  -2.840  0.2267E+00  0.8192E-44  0.8571E+02
  -2.830  0.2470E+00  0.1762E-43  0.8571E+02
  -2.820  0.2687E+00  0.3779E-43  0.8572E+02
  -2.810  0.2919E+00  0.8082E-43  0.8572E+02
  -2.800  0.3165E+00  0.1724E-42  0.8572E+02
  -2.790  0.3427E+00  0.3668E-42  0.8572E+02
  -2.780  0.3706E+00  0.7783E-42  0.8573E+02
  -2.770  0.4000E+00  0.1647E-41  0.8573E+02
  -2.760  0.4313E+00  0.3475E-41  0.8574E+02
  -2.750  0.4643E+00  0.7314E-41  0.8574E+02
  -2.740  0.4993E+00  0.1535E-40  0.8575E+02
  -2.730  0.5362E+00  0.3214E-40  0.8575E+02
  -2.720  0.5751E+00  0.6709E-40  0.8576E+02
  -2.710  0.6162E+00  0.1397E-39  0.8576E+02
  -2.700  0.6595E+00  0.2900E-39  0.8577E+02
  -2.690  0.7052E+00  0.6006E-39  0.8578E+02
  -2.680  0.7532E+00  0.1240E-38  0.8578E+02
  -2.670  0.8037E+00  0.2555E-38  0.8579E+02
  -2.660  0.8569E+00  0.5247E-38  0.8580E+02
  -2.650  0.9128E+00  0.1075E-37  0.8581E+02
  -2.640  0.9715E+00  0.2196E-37  0.8582E+02
  -2.630  0.1033E+01  0.4475E-37  0.8583E+02
  -2.620  0.1098E+01  0.9092E-37  0.8584E+02
  -2.610  0.1166E+01  0.1843E-36  0.8585E+02
  -2.600  0.1237E+01  0.3724E-36  0.8587E+02
  -2.590  0.1311E+01  0.7506E-36  0.8588E+02
  -2.580  0.1389E+01  0.1509E-35  0.8589E+02
  -2.570  0.1471E+01  0.3025E-35  0.8591E+02
  -2.560  0.1556E+01  0.6048E-35  0.8592E+02
  -2.550  0.1645E+01  0.1206E-34  0.8594E+02
  -2.540  0.1738E+01  0.2398E-34  0.8596E+02
  -2.530  0.1835E+01  0.4755E-34  0.8598E+02
  -2.520  0.1935E+01  0.9406E-34  0.8599E+02
  -2.510  0.2040E+01  0.1855E-33  0.8601E+02
  -2.500  0.2148E+01  0.3650E-33  0.8604E+02
  -2.490  0.2261E+01  0.7160E-33  0.8606E+02
  -2.480  0.2377E+01  0.1401E-32  0.8608E+02
  -2.470  0.2497E+01  0.2734E-32  0.8611E+02
  -2.460  0.2621E+01  0.5320E-32  0.8613E+02
  -2.450  0.2748E+01  0.1032E-31  0.8616E+02
  -2.440  0.2879E+01  0.1998E-31  0.8619E+02
  -2.430  0.3013E+01  0.3858E-31  0.8622E+02
  -2.420  0.3151E+01  0.7427E-31  0.8625E+02
  -2.410  0.3292E+01  0.1426E-30  0.8628E+02
  -2.400  0.3436E+01  0.2730E-30  0.8632E+02
  -2.390  0.3582E+01  0.5214E-30  0.8636E+02
  -2.380  0.3731E+01  0.9929E-30  0.8639E+02
  -2.370  0.3882E+01  0.1886E-29  0.8643E+02
  -2.360  0.4036E+01  0.3572E-29  0.8647E+02
  -2.350  0.4191E+01  0.6748E-29  0.8651E+02
  -2.340  0.4348E+01  0.1271E-28  0.8656E+02
  -2.330  0.4506E+01  0.2389E-28  0.8660E+02
  -2.320  0.4665E+01  0.4476E-28  0.8665E+02
  -2.310  0.4825E+01  0.8365E-28  0.8670E+02
  -2.300  0.4986E+01  0.1559E-27  0.8675E+02
  -2.290  0.5146E+01  0.2898E-27  0.8680E+02
  -2.280  0.5307E+01  0.5372E-27  0.8685E+02
  -2.270  0.5468E+01  0.9930E-27  0.8691E+02
  -2.260  0.5628E+01  0.1831E-26  0.8696E+02
  -2.250  0.5788E+01  0.3367E-26  0.8702E+02
  -2.240  0.5946E+01  0.6173E-26  0.8708E+02
  -2.230  0.6104E+01  0.1129E-25  0.8714E+02
  -2.220  0.6260E+01  0.2059E-25  0.8720E+02
  -2.210  0.6414E+01  0.3746E-25  0.8727E+02
  -2.200  0.6567E+01  0.6795E-25  0.8733E+02
  -2.190  0.6717E+01  0.1229E-24  0.8740E+02
  -2.180  0.6865E+01  0.2218E-24  0.8747E+02
  -2.170  0.7011E+01  0.3991E-24  0.8754E+02
  -2.160  0.7154E+01  0.7163E-24  0.8761E+02
  -2.150  0.7293E+01  0.1282E-23  0.8768E+02
  -2.140  0.7430E+01  0.2288E-23  0.8776E+02
  -2.130  0.7563E+01  0.4073E-23  0.8783E+02
  -2.120  0.7692E+01  0.7231E-23  0.8791E+02
  -2.110  0.7817E+01  0.1280E-22  0.8799E+02
  -2.100  0.7938E+01  0.2261E-22  0.8807E+02
  -2.090  0.8054E+01  0.3981E-22  0.8815E+02
  -2.080  0.8165E+01  0.6991E-22  0.8823E+02
  -2.070  0.8271E+01  0.1225E-21  0.8831E+02
  -2.060  0.8372E+01  0.2139E-21  0.8840E+02
  -2.050  0.8467E+01  0.3726E-21  0.8848E+02
  -2.040  0.8556E+01  0.6474E-21  0.8857E+02
  -2.030  0.8638E+01  0.1122E-20  0.8865E+02
  -2.020  0.8715E+01  0.1938E-20  0.8874E+02
  -2.010  0.8784E+01  0.3340E-20  0.8883E+02
  -2.000  0.8846E+01  0.5741E-20  0.8892E+02
  -1.990  0.8901E+01  0.9840E-20  0.8901E+02
  -1.980  0.8948E+01  0.1682E-19  0.8909E+02
  -1.970  0.8988E+01  0.2867E-19  0.8918E+02
  -1.960  0.9020E+01  0.4875E-19  0.8928E+02
  -1.950  0.9044E+01  0.8267E-19  0.8937E+02
  -1.940  0.9059E+01  0.1398E-18  0.8946E+02
  -1.930  0.9067E+01  0.2358E-18  0.8955E+02
  -1.920  0.9066E+01  0.3965E-18  0.8964E+02
  -1.910  0.9057E+01  0.6652E-18  0.8973E+02
  -1.900  0.9040E+01  0.1113E-17  0.8982E+02
  -1.890  0.9015E+01  0.1856E-17  0.8991E+02
  -1.880  0.8981E+01  0.3089E-17  0.9000E+02
  -1.870  0.8940E+01  0.5126E-17  0.9009E+02
  -1.860  0.8891E+01  0.8482E-17  0.9018E+02
  -1.850  0.8835E+01  0.1400E-16  0.9026E+02
  -1.840  0.8771E+01  0.2304E-16  0.9035E+02
  -1.830  0.8700E+01  0.3783E-16  0.9044E+02
  -1.820  0.8623E+01  0.6193E-16  0.9053E+02
  -1.810  0.8539E+01  0.1011E-15  0.9061E+02
  -1.800  0.8450E+01  0.1646E-15  0.9070E+02
  -1.790  0.8355E+01  0.2673E-15  0.9078E+02
  -1.780  0.8255E+01  0.4330E-15  0.9086E+02
  -1.770  0.8150E+01  0.6993E-15  0.9094E+02
  -1.760  0.8040E+01  0.1126E-14  0.9102E+02
  -1.750  0.7927E+01  0.1810E-14  0.9110E+02
  -1.740  0.7811E+01  0.2899E-14  0.9118E+02
  -1.730  0.7691E+01  0.4632E-14  0.9126E+02
  -1.720  0.7569E+01  0.7382E-14  0.9133E+02
  -1.710  0.7445E+01  0.1173E-13  0.9141E+02
  -1.700  0.7319E+01  0.1859E-13  0.9148E+02
  -1.690  0.7191E+01  0.2939E-13  0.9155E+02
  -1.680  0.7063E+01  0.4633E-13  0.9162E+02
  -1.670  0.6934E+01  0.7283E-13  0.9169E+02
  -1.660  0.6805E+01  0.1142E-12  0.9176E+02
  -1.650  0.6677E+01  0.1785E-12  0.9183E+02
  -1.640  0.6548E+01  0.2784E-12  0.9189E+02
  -1.630  0.6421E+01  0.4330E-12  0.9196E+02
  -1.620  0.6295E+01  0.6716E-12  0.9202E+02
  -1.610  0.6170E+01  0.1039E-11  0.9208E+02
  -1.600  0.6047E+01  0.1603E-11  0.9214E+02
  -1.590  0.5926E+01  0.2466E-11  0.9220E+02
  -1.580  0.5807E+01  0.3783E-11  0.9226E+02
  -1.570  0.5691E+01  0.5789E-11  0.9232E+02
  -1.560  0.5577E+01  0.8835E-11  0.9237E+02
  -1.550  0.5465E+01  0.1345E-10  0.9243E+02
  -1.540  0.5357E+01  0.2041E-10  0.9248E+02
  -1.530  0.5251E+01  0.3090E-10  0.9253E+02
  -1.520  0.5148E+01  0.4664E-10  0.9259E+02
  -1.510  0.5049E+01  0.7023E-10  0.9264E+02
  -1.500  0.4953E+01  0.1055E-09  0.9269E+02
  -1.490  0.4860E+01  0.1579E-09  0.9273E+02
  -1.480  0.4771E+01  0.2358E-09  0.9278E+02
  -1.470  0.4685E+01  0.3513E-09  0.9283E+02
  -1.460  0.4602E+01  0.5218E-09  0.9287E+02
  -1.450  0.4523E+01  0.7730E-09  0.9292E+02
  -1.440  0.4448E+01  0.1142E-08  0.9296E+02
  -1.430  0.4376E+01  0.1683E-08  0.9301E+02
  -1.420  0.4307E+01  0.2473E-08  0.9305E+02
  -1.410  0.4243E+01  0.3624E-08  0.9309E+02
  -1.400  0.4181E+01  0.5296E-08  0.9314E+02
  -1.390  0.4123E+01  0.7720E-08  0.9318E+02
  -1.380  0.4069E+01  0.1122E-07  0.9322E+02
  -1.370  0.4018E+01  0.1627E-07  0.9326E+02
  -1.360  0.3970E+01  0.2352E-07  0.9330E+02
  -1.350  0.3926E+01  0.3392E-07  0.9334E+02
  -1.340  0.3885E+01  0.4878E-07  0.9338E+02
  -1.330  0.3847E+01  0.6995E-07  0.9341E+02
  -1.320  0.3813E+01  0.1001E-06  0.9345E+02
  -1.310  0.3781E+01  0.1427E-06  0.9349E+02
  -1.300  0.3752E+01  0.2030E-06  0.9353E+02
  -1.290  0.3727E+01  0.2881E-06  0.9356E+02
  -1.280  0.3704E+01  0.4076E-06  0.9360E+02
  -1.270  0.3684E+01  0.5751E-06  0.9364E+02
  -1.260  0.3667E+01  0.8094E-06  0.9367E+02
  -1.250  0.3653E+01  0.1136E-05  0.9371E+02
  -1.240  0.3641E+01  0.1590E-05  0.9375E+02
  -1.230  0.3631E+01  0.2220E-05  0.9378E+02
  -1.220  0.3624E+01  0.3090E-05  0.9382E+02
  -1.210  0.3619E+01  0.4291E-05  0.9386E+02
  -1.200  0.3617E+01  0.5941E-05  0.9389E+02
  -1.190  0.3616E+01  0.8204E-05  0.9393E+02
  -1.180  0.3618E+01  0.1130E-04  0.9396E+02
  -1.170  0.3621E+01  0.1552E-04  0.9400E+02
  -1.160  0.3626E+01  0.2126E-04  0.9404E+02
  -1.150  0.3633E+01  0.2904E-04  0.9407E+02
  -1.140  0.3642E+01  0.3957E-04  0.9411E+02
  -1.130  0.3653E+01  0.5376E-04  0.9415E+02
  -1.120  0.3664E+01  0.7285E-04  0.9418E+02
  -1.110  0.3678E+01  0.9846E-04  0.9422E+02
  -1.100  0.3692E+01  0.1327E-03  0.9426E+02
  -1.090  0.3708E+01  0.1784E-03  0.9429E+02
  -1.080  0.3725E+01  0.2391E-03  0.9433E+02
  -1.070  0.3743E+01  0.3197E-03  0.9437E+02
  -1.060  0.3762E+01  0.4262E-03  0.9441E+02
  -1.050  0.3781E+01  0.5667E-03  0.9444E+02
  -1.040  0.3801E+01  0.7516E-03  0.9448E+02
  -1.030  0.3822E+01  0.9940E-03  0.9452E+02
  -1.020  0.3844E+01  0.1311E-02  0.9456E+02
  -1.010  0.3866E+01  0.1725E-02  0.9460E+02
  -1.000  0.3888E+01  0.2262E-02  0.9464E+02
  -0.990  0.3910E+01  0.2960E-02  0.9468E+02
  -0.980  0.3933E+01  0.3862E-02  0.9472E+02
  -0.970  0.3956E+01  0.5026E-02  0.9475E+02
  -0.960  0.3979E+01  0.6522E-02  0.9479E+02
  -0.950  0.4002E+01  0.8441E-02  0.9483E+02
  -0.940  0.4025E+01  0.1090E-01  0.9487E+02
  -0.930  0.4048E+01  0.1403E-01  0.9492E+02
  -0.920  0.4072E+01  0.1801E-01  0.9496E+02
  -0.910  0.4096E+01  0.2306E-01  0.9500E+02
  -0.900  0.4121E+01  0.2944E-01  0.9504E+02
  -0.890  0.4147E+01  0.3749E-01  0.9508E+02
  -0.880  0.4175E+01  0.4762E-01  0.9512E+02
  -0.870  0.4204E+01  0.6031E-01  0.9517E+02
  -0.860  0.4235E+01  0.7618E-01  0.9521E+02
  -0.850  0.4270E+01  0.9597E-01  0.9525E+02
  -0.840  0.4309E+01  0.1206E+00  0.9530E+02
  -0.830  0.4352E+01  0.1511E+00  0.9534E+02
  -0.820  0.4402E+01  0.1888E+00  0.9539E+02
  -0.810  0.4459E+01  0.2353E+00  0.9543E+02
  -0.800  0.4526E+01  0.2924E+00  0.9548E+02
  -0.790  0.4605E+01  0.3625E+00  0.9553E+02
  -0.780  0.4697E+01  0.4481E+00  0.9558E+02
  -0.770  0.4805E+01  0.5524E+00  0.9564E+02
  -0.760  0.4934E+01  0.6792E+00  0.9569E+02
  -0.750  0.5086E+01  0.8329E+00  0.9575E+02
  -0.740  0.5265E+01  0.1019E+01  0.9582E+02
  -0.730  0.5478E+01  0.1242E+01  0.9588E+02
  -0.720  0.5730E+01  0.1511E+01  0.9596E+02
  -0.710  0.6028E+01  0.1833E+01  0.9603E+02
  -0.700  0.6379E+01  0.2217E+01  0.9612E+02
  -0.690  0.6792E+01  0.2675E+01  0.9621E+02
  -0.680  0.7278E+01  0.3219E+01  0.9632E+02
  -0.670  0.7848E+01  0.3863E+01  0.9644E+02
  -0.660  0.8516E+01  0.4623E+01  0.9657E+02
  -0.650  0.9295E+01  0.5517E+01  0.9672E+02
  -0.640  0.1020E+02  0.6567E+01  0.9688E+02
  -0.630  0.1126E+02  0.7796E+01  0.9707E+02
  -0.620  0.1248E+02  0.9230E+01  0.9729E+02
  -0.610  0.1390E+02  0.1090E+02  0.9754E+02
  -0.600  0.1554E+02  0.1283E+02  0.9782E+02
  -0.590  0.1742E+02  0.1507E+02  0.9815E+02
  -0.580  0.1958E+02  0.1765E+02  0.9852E+02
  -0.570  0.2206E+02  0.2061E+02  0.9895E+02
  -0.560  0.2489E+02  0.2401E+02  0.9944E+02
  -0.550  0.2812E+02  0.2790E+02  0.1000E+03
  -0.540  0.3178E+02  0.3232E+02  0.1006E+03
  -0.530  0.3593E+02  0.3734E+02  0.1014E+03
  -0.520  0.4062E+02  0.4303E+02  0.1022E+03
  -0.510  0.4590E+02  0.4946E+02  0.1032E+03
  -0.500  0.5183E+02  0.5668E+02  0.1042E+03
  -0.490  0.5848E+02  0.6479E+02  0.1055E+03
  -0.480  0.6590E+02  0.7386E+02  0.1069E+03
  -0.470  0.7417E+02  0.8397E+02  0.1085E+03
  -0.460  0.8335E+02  0.9521E+02  0.1102E+03
  -0.450  0.9351E+02  0.1077E+03  0.1123E+03
  -0.440  0.1047E+03  0.1214E+03  0.1145E+03
  -0.430  0.1170E+03  0.1365E+03  0.1171E+03
  -0.420  0.1306E+03  0.1532E+03  0.1199E+03
  -0.410  0.1453E+03  0.1713E+03  0.1231E+03
  -0.400  0.1614E+03  0.1911E+03  0.1266E+03
  -0.390  0.1789E+03  0.2127E+03  0.1305E+03
  -0.380  0.1979E+03  0.2360E+03  0.1348E+03
  -0.370  0.2183E+03  0.2611E+03  0.1396E+03
  -0.360  0.2403E+03  0.2882E+03  0.1449E+03
  -0.350  0.2638E+03  0.3172E+03  0.1507E+03
  -0.340  0.2890E+03  0.3481E+03  0.1571E+03
  -0.330  0.3157E+03  0.3811E+03  0.1641E+03
  -0.320  0.3441E+03  0.4161E+03  0.1717E+03
  -0.310  0.3741E+03  0.4530E+03  0.1799E+03
  -0.300  0.4056E+03  0.4919E+03  0.1889E+03
  -0.290  0.4387E+03  0.5327E+03  0.1986E+03
  -0.280  0.4733E+03  0.5754E+03  0.2091E+03
  -0.270  0.5093E+03  0.6197E+03  0.2204E+03
  -0.260  0.5466E+03  0.6657E+03  0.2325E+03
  -0.250  0.5851E+03  0.7132E+03  0.2455E+03
  -0.240  0.6246E+03  0.7620E+03  0.2594E+03
  -0.230  0.6651E+03  0.8119E+03  0.2741E+03
  -0.220  0.7064E+03  0.8628E+03  0.2898E+03
  -0.210  0.7482E+03  0.9143E+03  0.3065E+03
  -0.200  0.7905E+03  0.9664E+03  0.3240E+03
  -0.190  0.8329E+03  0.1019E+04  0.3425E+03
  -0.180  0.8752E+03  0.1071E+04  0.3620E+03
  -0.170  0.9172E+03  0.1123E+04  0.3824E+03
  -0.160  0.9588E+03  0.1174E+04  0.4037E+03
  -0.150  0.9995E+03  0.1224E+04  0.4260E+03
  -0.140  0.1039E+04  0.1273E+04  0.4491E+03
  -0.130  0.1077E+04  0.1320E+04  0.4731E+03
  -0.120  0.1114E+04  0.1366E+04  0.4979E+03
  -0.110  0.1149E+04  0.1409E+04  0.5234E+03
  -0.100  0.1182E+04  0.1449E+04  0.5498E+03
  -0.090  0.1213E+04  0.1487E+04  0.5767E+03
  -0.080  0.1241E+04  0.1521E+04  0.6044E+03
  -0.070  0.1266E+04  0.1552E+04  0.6326E+03
  -0.060  0.1288E+04  0.1580E+04  0.6612E+03
  -0.050  0.1307E+04  0.1604E+04  0.6903E+03
  -0.040  0.1323E+04  0.1623E+04  0.7198E+03
  -0.030  0.1336E+04  0.1639E+04  0.7496E+03
  -0.020  0.1345E+04  0.1650E+04  0.7795E+03
  -0.010  0.1350E+04  0.1656E+04  0.8096E+03
   0.000  0.1352E+04  0.1659E+04  0.8397E+03
   0.010  0.1350E+04  0.1656E+04  0.8697E+03
   0.020  0.1345E+04  0.1650E+04  0.8997E+03
   0.030  0.1336E+04  0.1639E+04  0.9294E+03
   0.040  0.1323E+04  0.1623E+04  0.9589E+03
   0.050  0.1307E+04  0.1604E+04  0.9880E+03
   0.060  0.1288E+04  0.1580E+04  0.1017E+04
   0.070  0.1266E+04  0.1552E+04  0.1045E+04
   0.080  0.1241E+04  0.1521E+04  0.1072E+04
   0.090  0.1213E+04  0.1487E+04  0.1099E+04
   0.100  0.1182E+04  0.1449E+04  0.1126E+04
   0.110  0.1149E+04  0.1409E+04  0.1151E+04
   0.120  0.1114E+04  0.1366E+04  0.1176E+04
   0.130  0.1077E+04  0.1320E+04  0.1200E+04
   0.140  0.1039E+04  0.1273E+04  0.1223E+04
   0.150  0.9991E+03  0.1224E+04  0.1245E+04
   0.160  0.9583E+03  0.1174E+04  0.1267E+04
   0.170  0.9167E+03  0.1123E+04  0.1287E+04
   0.180  0.8746E+03  0.1071E+04  0.1307E+04
   0.190  0.8322E+03  0.1019E+04  0.1325E+04
   0.200  0.7897E+03  0.9664E+03  0.1343E+04
   0.210  0.7474E+03  0.9143E+03  0.1359E+04
   0.220  0.7055E+03  0.8628E+03  0.1375E+04
   0.230  0.6642E+03  0.8119E+03  0.1390E+04
   0.240  0.6236E+03  0.7620E+03  0.1404E+04
   0.250  0.5839E+03  0.7132E+03  0.1417E+04
   0.260  0.5454E+03  0.6657E+03  0.1429E+04
   0.270  0.5080E+03  0.6197E+03  0.1440E+04
   0.280  0.4720E+03  0.5754E+03  0.1450E+04
   0.290  0.4373E+03  0.5327E+03  0.1460E+04
   0.300  0.4042E+03  0.4919E+03  0.1469E+04
   0.310  0.3726E+03  0.4530E+03  0.1477E+04
   0.320  0.3425E+03  0.4161E+03  0.1485E+04
   0.330  0.3141E+03  0.3811E+03  0.1492E+04
   0.340  0.2873E+03  0.3481E+03  0.1498E+04
   0.350  0.2622E+03  0.3172E+03  0.1504E+04
   0.360  0.2386E+03  0.2882E+03  0.1509E+04
   0.370  0.2167E+03  0.2611E+03  0.1514E+04
   0.380  0.1962E+03  0.2360E+03  0.1518E+04
   0.390  0.1773E+03  0.2127E+03  0.1522E+04
   0.400  0.1599E+03  0.1911E+03  0.1526E+04
   0.410  0.1438E+03  0.1713E+03  0.1529E+04
   0.420  0.1290E+03  0.1532E+03  0.1532E+04
   0.430  0.1156E+03  0.1365E+03  0.1534E+04
   0.440  0.1033E+03  0.1214E+03  0.1537E+04
   0.450  0.9216E+02  0.1077E+03  0.1539E+04
   0.460  0.8207E+02  0.9521E+02  0.1540E+04
   0.470  0.7297E+02  0.8397E+02  0.1542E+04
   0.480  0.6479E+02  0.7386E+02  0.1543E+04
   0.490  0.5745E+02  0.6479E+02  0.1545E+04
   0.500  0.5090E+02  0.5668E+02  0.1546E+04
   0.510  0.4506E+02  0.4946E+02  0.1547E+04
   0.520  0.3987E+02  0.4303E+02  0.1547E+04
   0.530  0.3528E+02  0.3734E+02  0.1548E+04
   0.540  0.3123E+02  0.3232E+02  0.1549E+04
   0.550  0.2766E+02  0.2790E+02  0.1549E+04
   0.560  0.2454E+02  0.2401E+02  0.1550E+04
   0.570  0.2180E+02  0.2061E+02  0.1550E+04
   0.580  0.1941E+02  0.1765E+02  0.1551E+04
   0.590  0.1734E+02  0.1507E+02  0.1551E+04
   0.600  0.1554E+02  0.1283E+02  0.1551E+04
   0.610  0.1398E+02  0.1090E+02  0.1551E+04
   0.620  0.1264E+02  0.9230E+01  0.1552E+04
   0.630  0.1148E+02  0.7796E+01  0.1552E+04
   0.640  0.1048E+02  0.6567E+01  0.1552E+04
   0.650  0.9625E+01  0.5517E+01  0.1552E+04
   0.660  0.8892E+01  0.4623E+01  0.1552E+04
   0.670  0.8264E+01  0.3863E+01  0.1552E+04
   0.680  0.7725E+01  0.3219E+01  0.1553E+04
   0.690  0.7263E+01  0.2675E+01  0.1553E+04
   0.700  0.6867E+01  0.2217E+01  0.1553E+04
   0.710  0.6526E+01  0.1833E+01  0.1553E+04
   0.720  0.6231E+01  0.1511E+01  0.1553E+04
   0.730  0.5976E+01  0.1242E+01  0.1553E+04
   0.740  0.5753E+01  0.1019E+01  0.1553E+04
   0.750  0.5557E+01  0.8329E+00  0.1553E+04
   0.760  0.5383E+01  0.6792E+00  0.1553E+04
   0.770  0.5229E+01  0.5524E+00  0.1553E+04
   0.780  0.5089E+01  0.4481E+00  0.1553E+04
   0.790  0.4962E+01  0.3625E+00  0.1553E+04
   0.800  0.4846E+01  0.2924E+00  0.1553E+04
   0.810  0.4738E+01  0.2353E+00  0.1553E+04
   0.820  0.4638E+01  0.1888E+00  0.1553E+04
   0.830  0.4543E+01  0.1511E+00  0.1554E+04
   0.840  0.4454E+01  0.1206E+00  0.1554E+04
   0.850  0.4369E+01  0.9597E-01  0.1554E+04
   0.860  0.4288E+01  0.7618E-01  0.1554E+04
   0.870  0.4211E+01  0.6031E-01  0.1554E+04
   0.880  0.4138E+01  0.4762E-01  0.1554E+04
   0.890  0.4068E+01  0.3749E-01  0.1554E+04
   0.900  0.4001E+01  0.2944E-01  0.1554E+04
   0.910  0.3938E+01  0.2306E-01  0.1554E+04
   0.920  0.3878E+01  0.1801E-01  0.1554E+04
   0.930  0.3822E+01  0.1403E-01  0.1554E+04
   0.940  0.3770E+01  0.1090E-01  0.1554E+04
   0.950  0.3722E+01  0.8441E-02  0.1554E+04
   0.960  0.3678E+01  0.6522E-02  0.1554E+04
   0.970  0.3639E+01  0.5026E-02  0.1554E+04
   0.980  0.3604E+01  0.3862E-02  0.1554E+04
   0.990  0.3573E+01  0.2960E-02  0.1554E+04
   1.000  0.3548E+01  0.2262E-02  0.1554E+04
   1.010  0.3527E+01  0.1725E-02  0.1554E+04
   1.020  0.3511E+01  0.1311E-02  0.1554E+04
   1.030  0.3500E+01  0.9940E-03  0.1554E+04
   1.040  0.3495E+01  0.7516E-03  0.1554E+04
   1.050  0.3494E+01  0.5667E-03  0.1554E+04
   1.060  0.3499E+01  0.4262E-03  0.1554E+04
   1.070  0.3508E+01  0.3197E-03  0.1554E+04
   1.080  0.3523E+01  0.2391E-03  0.1554E+04
   1.090  0.3543E+01  0.1784E-03  0.1555E+04
   1.100  0.3567E+01  0.1327E-03  0.1555E+04
   1.110  0.3596E+01  0.9846E-04  0.1555E+04
   1.120  0.3629E+01  0.7285E-04  0.1555E+04
   1.130  0.3667E+01  0.5376E-04  0.1555E+04
   1.140  0.3708E+01  0.3957E-04  0.1555E+04
   1.150  0.3754E+01  0.2904E-04  0.1555E+04
   1.160  0.3802E+01  0.2126E-04  0.1555E+04
   1.170  0.3854E+01  0.1552E-04  0.1555E+04
   1.180  0.3909E+01  0.1130E-04  0.1555E+04
   1.190  0.3967E+01  0.8204E-05  0.1555E+04
   1.200  0.4027E+01  0.5941E-05  0.1555E+04
   1.210  0.4089E+01  0.4291E-05  0.1555E+04
   1.220  0.4152E+01  0.3090E-05  0.1555E+04
   1.230  0.4216E+01  0.2220E-05  0.1555E+04
   1.240  0.4282E+01  0.1590E-05  0.1555E+04
   1.250  0.4348E+01  0.1136E-05  0.1555E+04
   1.260  0.4414E+01  0.8094E-06  0.1555E+04
   1.270  0.4481E+01  0.5751E-06  0.1555E+04
   1.280  0.4547E+01  0.4076E-06  0.1555E+04
   1.290  0.4612E+01  0.2881E-06  0.1555E+04
   1.300  0.4677E+01  0.2030E-06  0.1555E+04
   1.310  0.4740E+01  0.1427E-06  0.1555E+04
   1.320  0.4802E+01  0.1001E-06  0.1555E+04
   1.330  0.4863E+01  0.6995E-07  0.1556E+04
   1.340  0.4921E+01  0.4878E-07  0.1556E+04
   1.350  0.4978E+01  0.3392E-07  0.1556E+04
   1.360  0.5033E+01  0.2352E-07  0.1556E+04
   1.370  0.5087E+01  0.1627E-07  0.1556E+04
   1.380  0.5137E+01  0.1122E-07  0.1556E+04
   1.390  0.5186E+01  0.7720E-08  0.1556E+04
   1.400  0.5233E+01  0.5296E-08  0.1556E+04
   1.410  0.5277E+01  0.3624E-08  0.1556E+04
   1.420  0.5319E+01  0.2473E-08  0.1556E+04
   1.430  0.5360E+01  0.1683E-08  0.1556E+04
   1.440  0.5398E+01  0.1142E-08  0.1556E+04
   1.450  0.5434E+01  0.7730E-09  0.1556E+04
   1.460  0.5469E+01  0.5218E-09  0.1556E+04
   1.470  0.5501E+01  0.3513E-09  0.1556E+04
   1.480  0.5532E+01  0.2358E-09  0.1556E+04
   1.490  0.5562E+01  0.1579E-09  0.1556E+04
   1.500  0.5590E+01  0.1055E-09  0.1556E+04
   1.510  0.5616E+01  0.7023E-10  0.1556E+04
   1.520  0.5642E+01  0.4664E-10  0.1557E+04
   1.530  0.5666E+01  0.3090E-10  0.1557E+04
   1.540  0.5690E+01  0.2041E-10  0.1557E+04
   1.550  0.5712E+01  0.1345E-10  0.1557E+04
   1.560  0.5734E+01  0.8835E-11  0.1557E+04
   1.570  0.5754E+01  0.5789E-11  0.1557E+04
   1.580  0.5775E+01  0.3783E-11  0.1557E+04
   1.590  0.5794E+01  0.2466E-11  0.1557E+04
   1.600  0.5813E+01  0.1603E-11  0.1557E+04
   1.610  0.5831E+01  0.1039E-11  0.1557E+04
   1.620  0.5849E+01  0.6716E-12  0.1557E+04
   1.630  0.5866E+01  0.4330E-12  0.1557E+04
   1.640  0.5882E+01  0.2784E-12  0.1557E+04
   1.650  0.5898E+01  0.1785E-12  0.1557E+04
   1.660  0.5913E+01  0.1142E-12  0.1557E+04
   1.670  0.5928E+01  0.7283E-13  0.1557E+04
   1.680  0.5942E+01  0.4633E-13  0.1557E+04
   1.690  0.5955E+01  0.2939E-13  0.1558E+04
   1.700  0.5967E+01  0.1859E-13  0.1558E+04
   1.710  0.5978E+01  0.1173E-13  0.1558E+04
   1.720  0.5989E+01  0.7382E-14  0.1558E+04
   1.730  0.5999E+01  0.4632E-14  0.1558E+04
   1.740  0.6007E+01  0.2899E-14  0.1558E+04
   1.750  0.6015E+01  0.1810E-14  0.1558E+04
   1.760  0.6021E+01  0.1126E-14  0.1558E+04
   1.770  0.6026E+01  0.6993E-15  0.1558E+04
   1.780  0.6030E+01  0.4330E-15  0.1558E+04
   1.790  0.6032E+01  0.2673E-15  0.1558E+04
   1.800  0.6033E+01  0.1646E-15  0.1558E+04
   1.810  0.6033E+01  0.1011E-15  0.1558E+04
   1.820  0.6031E+01  0.6193E-16  0.1558E+04
   1.830  0.6027E+01  0.3783E-16  0.1558E+04
   1.840  0.6021E+01  0.2304E-16  0.1558E+04
   1.850  0.6014E+01  0.1400E-16  0.1558E+04
   1.860  0.6005E+01  0.8482E-17  0.1559E+04
   1.870  0.5994E+01  0.5126E-17  0.1559E+04
   1.880  0.5980E+01  0.3089E-17  0.1559E+04
   1.890  0.5965E+01  0.1856E-17  0.1559E+04
   1.900  0.5947E+01  0.1113E-17  0.1559E+04
   1.910  0.5926E+01  0.6652E-18  0.1559E+04
   1.920  0.5903E+01  0.3965E-18  0.1559E+04
   1.930  0.5878E+01  0.2358E-18  0.1559E+04
   1.940  0.5849E+01  0.1398E-18  0.1559E+04
   1.950  0.5818E+01  0.8267E-19  0.1559E+04
   1.960  0.5783E+01  0.4875E-19  0.1559E+04
   1.970  0.5746E+01  0.2867E-19  0.1559E+04
   1.980  0.5704E+01  0.1682E-19  0.1559E+04
   1.990  0.5660E+01  0.9840E-20  0.1559E+04
   2.000  0.5612E+01  0.5741E-20  0.1559E+04
   2.010  0.5560E+01  0.3340E-20  0.1559E+04
   2.020  0.5504E+01  0.1938E-20  0.1559E+04
   2.030  0.5444E+01  0.1122E-20  0.1560E+04
   2.040  0.5381E+01  0.6474E-21  0.1560E+04
   2.050  0.5313E+01  0.3726E-21  0.1560E+04
   2.060  0.5242E+01  0.2139E-21  0.1560E+04
   2.070  0.5166E+01  0.1225E-21  0.1560E+04
   2.080  0.5086E+01  0.6991E-22  0.1560E+04
   2.090  0.5002E+01  0.3981E-22  0.1560E+04
   2.100  0.4914E+01  0.2261E-22  0.1560E+04
   2.110  0.4822E+01  0.1280E-22  0.1560E+04
   2.120  0.4726E+01  0.7231E-23  0.1560E+04
   2.130  0.4626E+01  0.4073E-23  0.1560E+04
   2.140  0.4523E+01  0.2288E-23  0.1560E+04
   2.150  0.4416E+01  0.1282E-23  0.1560E+04
   2.160  0.4307E+01  0.7163E-24  0.1560E+04
   2.170  0.4194E+01  0.3991E-24  0.1560E+04
   2.180  0.4078E+01  0.2218E-24  0.1560E+04
   2.190  0.3960E+01  0.1229E-24  0.1560E+04
   2.200  0.3839E+01  0.6795E-25  0.1560E+04
   2.210  0.3717E+01  0.3746E-25  0.1560E+04
   2.220  0.3593E+01  0.2059E-25  0.1560E+04
   2.230  0.3468E+01  0.1129E-25  0.1560E+04
   2.240  0.3341E+01  0.6173E-26  0.1560E+04
   2.250  0.3215E+01  0.3367E-26  0.1561E+04
   2.260  0.3087E+01  0.1831E-26  0.1561E+04
   2.270  0.2960E+01  0.9930E-27  0.1561E+04
   2.280  0.2834E+01  0.5372E-27  0.1561E+04
   2.290  0.2708E+01  0.2898E-27  0.1561E+04
   2.300  0.2583E+01  0.1559E-27  0.1561E+04
   2.310  0.2459E+01  0.8365E-28  0.1561E+04
   2.320  0.2338E+01  0.4476E-28  0.1561E+04
   2.330  0.2218E+01  0.2389E-28  0.1561E+04
   2.340  0.2101E+01  0.1271E-28  0.1561E+04
   2.350  0.1986E+01  0.6748E-29  0.1561E+04
   2.360  0.1874E+01  0.3572E-29  0.1561E+04
   2.370  0.1764E+01  0.1886E-29  0.1561E+04
   2.380  0.1659E+01  0.9929E-30  0.1561E+04
   2.390  0.1556E+01  0.5214E-30  0.1561E+04
   2.400  0.1457E+01  0.2730E-30  0.1561E+04
   2.410  0.1362E+01  0.1426E-30  0.1561E+04
   2.420  0.1270E+01  0.7427E-31  0.1561E+04
   2.430  0.1182E+01  0.3858E-31  0.1561E+04
   2.440  0.1098E+01  0.1998E-31  0.1561E+04
   2.450  0.1018E+01  0.1032E-31  0.1561E+04
   2.460  0.9424E+00  0.5320E-32  0.1561E+04
   2.470  0.8703E+00  0.2734E-32  0.1561E+04
   2.480  0.8021E+00  0.1401E-32  0.1561E+04
   2.490  0.7377E+00  0.7160E-33  0.1561E+04
   2.500  0.6771E+00  0.3650E-33  0.1561E+04
   2.510  0.6202E+00  0.1855E-33  0.1561E+04
   2.520  0.5669E+00  0.9406E-34  0.1561E+04
   2.530  0.5171E+00  0.4755E-34  0.1561E+04
   2.540  0.4706E+00  0.2398E-34  0.1561E+04
   2.550  0.4275E+00  0.1206E-34  0.1561E+04
   2.560  0.3875E+00  0.6048E-35  0.1561E+04
   2.570  0.3505E+00  0.3025E-35  0.1561E+04
   2.580  0.3163E+00  0.1509E-35  0.1561E+04
   2.590  0.2849E+00  0.7506E-36  0.1561E+04
   2.600  0.2561E+00  0.3724E-36  0.1561E+04
   2.610  0.2296E+00  0.1843E-36  0.1561E+04
   2.620  0.2055E+00  0.9092E-37  0.1561E+04
   2.630  0.1835E+00  0.4475E-37  0.1561E+04
   2.640  0.1635E+00  0.2196E-37  0.1561E+04
   2.650  0.1454E+00  0.1075E-37  0.1561E+04
   2.660  0.1290E+00  0.5247E-38  0.1561E+04
   2.670  0.1141E+00  0.2555E-38  0.1561E+04
   2.680  0.1008E+00  0.1240E-38  0.1561E+04
   2.690  0.8885E-01  0.6006E-39  0.1561E+04
   2.700  0.7813E-01  0.2900E-39  0.1561E+04
   2.710  0.6855E-01  0.1397E-39  0.1561E+04
   2.720  0.6001E-01  0.6709E-40  0.1561E+04
   2.730  0.5242E-01  0.3214E-40  0.1561E+04
   2.740  0.4569E-01  0.1535E-40  0.1561E+04
   2.750  0.3973E-01  0.7314E-41  0.1561E+04
   2.760  0.3447E-01  0.3475E-41  0.1561E+04
   2.770  0.2984E-01  0.1647E-41  0.1561E+04
   2.780  0.2577E-01  0.7783E-42  0.1561E+04
   2.790  0.2221E-01  0.3668E-42  0.1561E+04
   2.800  0.1910E-01  0.1724E-42  0.1561E+04
   2.810  0.1638E-01  0.8082E-43  0.1561E+04
   2.820  0.1402E-01  0.3779E-43  0.1561E+04
   2.830  0.1197E-01  0.1762E-43  0.1561E+04
   2.840  0.1020E-01  0.8192E-44  0.1561E+04
   2.850  0.8672E-02  0.3799E-44  0.1561E+04
   2.860  0.7354E-02  0.1757E-44  0.1561E+04
   2.870  0.6222E-02  0.8104E-45  0.1561E+04
   2.880  0.5252E-02  0.3728E-45  0.1561E+04
   2.890  0.4423E-02  0.1710E-45  0.1561E+04
   2.900  0.3717E-02  0.7824E-46  0.1561E+04
   2.910  0.3116E-02  0.3570E-46  0.1561E+04
   2.920  0.2605E-02  0.1624E-46  0.1561E+04
   2.930  0.2174E-02  0.7372E-47  0.1561E+04
   2.940  0.1809E-02  0.3337E-47  0.1561E+04
   2.950  0.1503E-02  0.1506E-47  0.1561E+04
   2.960  0.1245E-02  0.6780E-48  0.1561E+04
   2.970  0.1029E-02  0.3044E-48  0.1561E+04
   2.980  0.8484E-03  0.1363E-48  0.1561E+04
   2.990  0.6979E-03  0.6085E-49  0.1561E+04
   3.000  0.5727E-03  0.2710E-49  0.1561E+04
   3.010  0.4688E-03  0.1204E-49  0.1561E+04
   3.020  0.3829E-03  0.5331E-50  0.1561E+04
   3.030  0.3120E-03  0.2355E-50  0.1561E+04
   3.040  0.2536E-03  0.1037E-50  0.1561E+04
   3.050  0.2056E-03  0.4557E-51  0.1561E+04
   3.060  0.1663E-03  0.1997E-51  0.1561E+04
   3.070  0.1342E-03  0.8726E-52  0.1561E+04
   3.080  0.1080E-03  0.3803E-52  0.1561E+04
   3.090  0.8676E-04  0.1653E-52  0.1561E+04
   3.100  0.6951E-04  0.7164E-53  0.1561E+04
   3.110  0.5555E-04  0.3097E-53  0.1561E+04
   3.120  0.4428E-04  0.1335E-53  0.1561E+04
   3.130  0.3522E-04  0.5741E-54  0.1561E+04
   3.140  0.2794E-04  0.2462E-54  0.1561E+04
   3.150  0.2211E-04  0.1053E-54  0.1561E+04
   3.160  0.1745E-04  0.4490E-55  0.1561E+04
   3.170  0.1374E-04  0.1910E-55  0.1561E+04
   3.180  0.1080E-04  0.8100E-56  0.1561E+04
   3.190  0.8461E-05  0.3427E-56  0.1561E+04
   3.200  0.6614E-05  0.1446E-56  0.1561E+04
   3.210  0.5157E-05  0.6083E-57  0.1561E+04
   3.220  0.4011E-05  0.2553E-57  0.1561E+04
   3.230  0.3112E-05  0.1068E-57  0.1561E+04
   3.240  0.2409E-05  0.4459E-58  0.1561E+04
   3.250  0.1860E-05  0.1856E-58  0.1561E+04
   3.260  0.1432E-05  0.7704E-59  0.1561E+04
   3.270  0.1100E-05  0.3190E-59  0.1561E+04
   3.280  0.8431E-06  0.1317E-59  0.1561E+04
   3.290  0.6444E-06  0.5423E-60  0.1561E+04
   3.300  0.4913E-06  0.2227E-60  0.1561E+04
   3.310  0.3736E-06  0.9121E-61  0.1561E+04
   3.320  0.2835E-06  0.3725E-61  0.1561E+04
   3.330  0.2145E-06  0.1517E-61  0.1561E+04
   3.340  0.1619E-06  0.6165E-62  0.1561E+04
   3.350  0.1219E-06  0.2498E-62  0.1561E+04
   3.360  0.9153E-07  0.1009E-62  0.1561E+04
   3.370  0.6857E-07  0.4067E-63  0.1561E+04
   3.380  0.5123E-07  0.1634E-63  0.1561E+04
   3.390  0.3818E-07  0.6551E-64  0.1561E+04
   3.400  0.2838E-07  0.2618E-64  0.1561E+04
   3.410  0.2105E-07  0.1044E-64  0.1561E+04
   3.420  0.1557E-07  0.4150E-65  0.1561E+04
   3.430  0.1148E-07  0.1645E-65  0.1561E+04
   3.440  0.8450E-08  0.6506E-66  0.1561E+04
   3.450  0.6202E-08  0.2566E-66  0.1561E+04
   3.460  0.4540E-08  0.1009E-66  0.1561E+04
   3.470  0.3315E-08  0.3958E-67  0.1561E+04
   3.480  0.2415E-08  0.1548E-67  0.1561E+04
   3.490  0.1754E-08  0.6040E-68  0.1561E+04
   3.500  0.1271E-08  0.2350E-68  0.1561E+04
   3.510  0.9187E-09  0.9118E-69  0.1561E+04
   3.520  0.6623E-09  0.3528E-69  0.1561E+04
   3.530  0.4762E-09  0.1362E-69  0.1561E+04
   3.540  0.3415E-09  0.5241E-70  0.1561E+04
   3.550  0.2443E-09  0.2012E-70  0.1561E+04
   3.560  0.1743E-09  0.7701E-71  0.1561E+04
   3.570  0.1240E-09  0.2940E-71  0.1561E+04
   3.580  0.8803E-10  0.1119E-71  0.1561E+04
   3.590  0.6232E-10  0.4251E-72  0.1561E+04
   3.600  0.4401E-10  0.1610E-72  0.1561E+04
   3.610  0.3099E-10  0.6079E-73  0.1561E+04
   3.620  0.2177E-10  0.2290E-73  0.1561E+04
   3.630  0.1525E-10  0.8602E-74  0.1561E+04
   3.640  0.1066E-10  0.3222E-74  0.1561E+04
   3.650  0.7428E-11  0.1204E-74  0.1561E+04
   3.660  0.5164E-11  0.4486E-75  0.1561E+04
   3.670  0.3580E-11  0.1667E-75  0.1561E+04
   3.680  0.2476E-11  0.6178E-76  0.1561E+04
   3.690  0.1708E-11  0.2283E-76  0.1561E+04
   3.700  0.1175E-11  0.8417E-77  0.1561E+04
   3.710  0.8061E-12  0.3094E-77  0.1561E+04
   3.720  0.5516E-12  0.1134E-77  0.1561E+04
   3.730  0.3765E-12  0.4148E-78  0.1561E+04
   3.740  0.2563E-12  0.1512E-78  0.1561E+04
   3.750  0.1740E-12  0.5500E-79  0.1561E+04
   3.760  0.1178E-12  0.1995E-79  0.1561E+04
   3.770  0.7959E-13  0.7215E-80  0.1561E+04
   3.780  0.5362E-13  0.2603E-80  0.1561E+04
   3.790  0.3602E-13  0.9363E-81  0.1561E+04
   3.800  0.2414E-13  0.3359E-81  0.1561E+04
   3.810  0.1613E-13  0.1202E-81  0.1561E+04
   3.820  0.1075E-13  0.4289E-82  0.1561E+04
   3.830  0.7149E-14  0.1527E-82  0.1561E+04
   3.840  0.4740E-14  0.5418E-83  0.1561E+04
   3.850  0.3135E-14  0.2295E-83  0.1561E+04
   3.860  0.2068E-14  0.2295E-83  0.1561E+04
   3.870  0.1360E-14  0.2295E-83  0.1561E+04
   3.880  0.8924E-15  0.2295E-83  0.1561E+04
   3.890  0.5840E-15  0.2295E-83  0.1561E+04
   3.900  0.3811E-15  0.2295E-83  0.1561E+04
   3.910  0.2481E-15  0.2295E-83  0.1561E+04
   3.920  0.1610E-15  0.2295E-83  0.1561E+04
   3.930  0.1043E-15  0.2295E-83  0.1561E+04
   3.940  0.6733E-16  0.2295E-83  0.1561E+04
   3.950  0.4336E-16  0.2295E-83  0.1561E+04
   3.960  0.2785E-16  0.2295E-83  0.1561E+04
   3.970  0.1784E-16  0.2295E-83  0.1561E+04
   3.980  0.1140E-16  0.2295E-83  0.1561E+04
   3.990  0.7265E-17  0.2295E-83  0.1561E+04
   4.000  0.4617E-17  0.2295E-83  0.1561E+04
   4.010  0.2927E-17  0.2295E-83  0.1561E+04
   4.020  0.1850E-17  0.2295E-83  0.1561E+04
   4.030  0.1167E-17  0.2295E-83  0.1561E+04
   4.040  0.7335E-18  0.2295E-83  0.1561E+04
   4.050  0.4600E-18  0.2295E-83  0.1561E+04
   4.060  0.2877E-18  0.2295E-83  0.1561E+04
   4.070  0.1795E-18  0.2295E-83  0.1561E+04
   4.080  0.1117E-18  0.2295E-83  0.1561E+04
   4.090  0.6929E-19  0.2295E-83  0.1561E+04
   4.100  0.4288E-19  0.2295E-83  0.1561E+04
   4.110  0.2647E-19  0.2295E-83  0.1561E+04
   4.120  0.1629E-19  0.2295E-83  0.1561E+04
   4.130  0.1000E-19  0.2295E-83  0.1561E+04
   4.140  0.6123E-20  0.2295E-83  0.1561E+04
   4.150  0.3739E-20  0.2295E-83  0.1561E+04
   4.160  0.2277E-20  0.2295E-83  0.1561E+04
   4.170  0.1383E-20  0.2295E-83  0.1561E+04
   4.180  0.8379E-21  0.2295E-83  0.1561E+04
   4.190  0.5062E-21  0.2295E-83  0.1561E+04
   4.200  0.3050E-21  0.2295E-83  0.1561E+04
   4.210  0.1833E-21  0.2295E-83  0.1561E+04
   4.220  0.1098E-21  0.2295E-83  0.1561E+04
   4.230  0.6566E-22  0.2295E-83  0.1561E+04
   4.240  0.3914E-22  0.2295E-83  0.1561E+04
   4.250  0.2327E-22  0.2295E-83  0.1561E+04
   4.260  0.1380E-22  0.2295E-83  0.1561E+04
   4.270  0.8159E-23  0.2295E-83  0.1561E+04
   4.280  0.4812E-23  0.2295E-83  0.1561E+04
   4.290  0.2830E-23  0.2295E-83  0.1561E+04
   4.300  0.1660E-23  0.2295E-83  0.1561E+04
   4.310  0.9714E-24  0.2295E-83  0.1561E+04
   4.320  0.5668E-24  0.2295E-83  0.1561E+04
   4.330  0.3298E-24  0.2295E-83  0.1561E+04
   4.340  0.1914E-24  0.2295E-83  0.1561E+04
   4.350  0.1108E-24  0.2295E-83  0.1561E+04
   4.360  0.6396E-25  0.2295E-83  0.1561E+04
   4.370  0.3682E-25  0.2295E-83  0.1561E+04
   4.380  0.2114E-25  0.2295E-83  0.1561E+04
   4.390  0.1211E-25  0.2295E-83  0.1561E+04
   4.400  0.6914E-26  0.2295E-83  0.1561E+04
   4.410  0.3938E-26  0.2295E-83  0.1561E+04
   4.420  0.2237E-26  0.2295E-83  0.1561E+04
   4.430  0.1267E-26  0.2295E-83  0.1561E+04
   4.440  0.7160E-27  0.2295E-83  0.1561E+04
   4.450  0.4034E-27  0.2295E-83  0.1561E+04
   4.460  0.2267E-27  0.2295E-83  0.1561E+04
   4.470  0.1271E-27  0.2295E-83  0.1561E+04
   4.480  0.7102E-28  0.2295E-83  0.1561E+04
   4.490  0.3959E-28  0.2295E-83  0.1561E+04
   4.500  0.2201E-28  0.2295E-83  0.1561E+04
   4.510  0.1220E-28  0.2295E-83  0.1561E+04
   4.520  0.6749E-29  0.2295E-83  0.1561E+04
   4.530  0.3722E-29  0.2295E-83  0.1561E+04
   4.540  0.2047E-29  0.2295E-83  0.1561E+04
   4.550  0.1123E-29  0.2295E-83  0.1561E+04
   4.560  0.6143E-30  0.2295E-83  0.1561E+04
   4.570  0.3352E-30  0.2295E-83  0.1561E+04
   4.580  0.1824E-30  0.2295E-83  0.1561E+04
   4.590  0.9897E-31  0.2295E-83  0.1561E+04
   4.600  0.5356E-31  0.2295E-83  0.1561E+04
   4.610  0.2891E-31  0.2295E-83  0.1561E+04
   4.620  0.1556E-31  0.2295E-83  0.1561E+04
   4.630  0.8355E-32  0.2295E-83  0.1561E+04
   4.640  0.4474E-32  0.2295E-83  0.1561E+04
   4.650  0.2389E-32  0.2295E-83  0.1561E+04
   4.660  0.1272E-32  0.2295E-83  0.1561E+04
   4.670  0.6756E-33  0.2295E-83  0.1561E+04
   4.680  0.3579E-33  0.2295E-83  0.1561E+04
   4.690  0.1890E-33  0.2295E-83  0.1561E+04
   4.700  0.9960E-34  0.2295E-83  0.1561E+04
   4.710  0.5233E-34  0.2295E-83  0.1561E+04
   4.720  0.2742E-34  0.2295E-83  0.1561E+04
   4.730  0.1433E-34  0.2295E-83  0.1561E+04
   4.740  0.7469E-35  0.2295E-83  0.1561E+04
   4.750  0.3882E-35  0.2295E-83  0.1561E+04
   4.760  0.2013E-35  0.2295E-83  0.1561E+04
   4.770  0.1040E-35  0.2295E-83  0.1561E+04
   4.780  0.5365E-36  0.2295E-83  0.1561E+04
   4.790  0.2759E-36  0.2295E-83  0.1561E+04
   4.800  0.1415E-36  0.2295E-83  0.1561E+04
   4.810  0.7236E-37  0.2295E-83  0.1561E+04
   4.820  0.3691E-37  0.2295E-83  0.1561E+04
   4.830  0.1878E-37  0.2295E-83  0.1561E+04
   4.840  0.9525E-38  0.2295E-83  0.1561E+04
   4.850  0.4820E-38  0.2295E-83  0.1561E+04
   4.860  0.2432E-38  0.2295E-83  0.1561E+04
   4.870  0.1224E-38  0.2295E-83  0.1561E+04
   4.880  0.6143E-39  0.2295E-83  0.1561E+04
   4.890  0.3075E-39  0.2295E-83  0.1561E+04
   4.900  0.1535E-39  0.2295E-83  0.1561E+04
   4.910  0.7642E-40  0.2295E-83  0.1561E+04
   4.920  0.3794E-40  0.2295E-83  0.1561E+04
   4.930  0.1879E-40  0.2295E-83  0.1561E+04
   4.940  0.9278E-41  0.2295E-83  0.1561E+04
   4.950  0.4570E-41  0.2295E-83  0.1561E+04
   4.960  0.2245E-41  0.2295E-83  0.1561E+04
   4.970  0.1100E-41  0.2295E-83  0.1561E+04
   4.980  0.5372E-42  0.2295E-83  0.1561E+04
   4.990  0.2617E-42  0.2295E-83  0.1561E+04
   5.000  0.1272E-42  0.2295E-83  0.1561E+04
